(5.0,[30.0,44.0])
(38.0,[22.0,9.0])
(24.0,[58.0,52.0])
(38.0,[26.0,0.0])
(2.0,[0.0,35.0])
(15.0,[36.0,61.0])
(4.0,[30.0,0.0])
(1.0,[24.0,72.0])
(21.0,[50.0,63.0])
(3.0,[52.0,17.0])
(3.0,[51.0,18.0])
(37.0,[75.0,14.0])
(21.0,[44.0,55.0])
(29.0,[16.0,24.0])
(17.0,[32.0,88.0])
(32.0,[15.0,31.0])
(16.0,[10.0,99.0])
(17.0,[35.0,93.0])
(36.0,[12.0,86.0])
(23.0,[15.0,49.0])
(27.0,[62.0,32.0])
(39.0,[69.0,51.0])
(20.0,[55.0,83.0])
(29.0,[9.0,22.0])
(35.0,[15.0,63.0])
(1.0,[26.0,76.0])
(14.0,[39.0,99.0])
(27.0,[64.0,28.0])
(8.0,[8.0,8.0])
(27.0,[59.0,28.0])
(13.0,[0.0,16.0])
(24.0,[61.0,51.0])
(15.0,[31.0,67.0])
(24.0,[59.0,50.0])
(11.0,[7.0,95.0])
(29.0,[19.0,25.0])
(0.0,[85.0,82.0])
(27.0,[54.0,40.0])
(21.0,[43.0,51.0])
(9.0,[37.0,30.0])
(5.0,[41.0,49.0])
(20.0,[47.0,72.0])
(23.0,[20.0,48.0])
(25.0,[80.0,69.0])
(4.0,[36.0,0.0])
(17.0,[30.0,99.0])
(5.0,[35.0,48.0])
(24.0,[54.0,54.0])
(28.0,[43.0,76.0])
(39.0,[75.0,49.0])
(4.0,[32.0,1.0])
(15.0,[37.0,65.0])
(7.0,[99.0,99.0])
(1.0,[21.0,76.0])
(29.0,[21.0,25.0])
(25.0,[72.0,56.0])
(9.0,[47.0,28.0])
(4.0,[39.0,0.0])
(20.0,[46.0,73.0])
(20.0,[57.0,67.0])
(23.0,[20.0,51.0])
(27.0,[51.0,39.0])
(35.0,[22.0,64.0])
(32.0,[22.0,34.0])
(28.0,[41.0,89.0])
(32.0,[17.0,37.0])
(32.0,[26.0,29.0])
(3.0,[46.0,19.0])
(24.0,[60.0,58.0])
(22.0,[62.0,88.0])
(1.0,[24.0,77.0])
(1.0,[27.0,77.0])
(21.0,[46.0,54.0])
(32.0,[21.0,44.0])
(37.0,[83.0,16.0])
(17.0,[35.0,99.0])
(32.0,[22.0,38.0])
(20.0,[46.0,75.0])
(37.0,[80.0,26.0])
(9.0,[41.0,39.0])
(11.0,[5.0,99.0])
(35.0,[12.0,73.0])
(2.0,[0.0,26.0])
(36.0,[1.0,83.0])
(20.0,[60.0,68.0])
(4.0,[37.0,0.0])
(9.0,[44.0,34.0])
(29.0,[13.0,24.0])
(28.0,[39.0,80.0])
(9.0,[39.0,29.0])
(3.0,[56.0,13.0])
(0.0,[94.0,73.0])
(23.0,[25.0,59.0])
(3.0,[55.0,14.0])
(32.0,[28.0,34.0])
(20.0,[54.0,69.0])
(36.0,[12.0,75.0])
(22.0,[63.0,84.0])
(1.0,[28.0,77.0])
(21.0,[40.0,58.0])
(35.0,[18.0,67.0])
(35.0,[20.0,70.0])
(6.0,[78.0,11.0])
(13.0,[4.0,16.0])
(10.0,[3.0,56.0])
(35.0,[11.0,65.0])
(18.0,[98.0,19.0])
(6.0,[67.0,6.0])
(20.0,[54.0,67.0])
(36.0,[10.0,90.0])
(23.0,[25.0,57.0])
(11.0,[0.0,99.0])
(5.0,[29.0,53.0])
(15.0,[31.0,66.0])
(38.0,[21.0,0.0])
(20.0,[47.0,68.0])
(12.0,[0.0,73.0])
(39.0,[84.0,38.0])
(34.0,[91.0,53.0])
(27.0,[57.0,29.0])
(6.0,[84.0,0.0])
(27.0,[67.0,28.0])
(26.0,[91.0,35.0])
(25.0,[72.0,64.0])
(0.0,[94.0,67.0])
(39.0,[68.0,38.0])
(25.0,[81.0,68.0])
(29.0,[9.0,21.0])
(5.0,[28.0,56.0])
(28.0,[38.0,83.0])
(1.0,[26.0,77.0])
(8.0,[0.0,0.0])
(14.0,[41.0,99.0])
(22.0,[68.0,73.0])
(8.0,[0.0,0.0])
(28.0,[47.0,85.0])
(3.0,[47.0,21.0])
(24.0,[64.0,61.0])
(19.0,[50.0,0.0])
(5.0,[42.0,44.0])
(21.0,[43.0,64.0])
(27.0,[61.0,25.0])
(22.0,[67.0,76.0])
(39.0,[77.0,45.0])
(21.0,[39.0,59.0])
(12.0,[4.0,75.0])
(36.0,[5.0,77.0])
(9.0,[29.0,30.0])
(13.0,[1.0,9.0])
(23.0,[23.0,48.0])
(14.0,[44.0,92.0])
(39.0,[81.0,33.0])
(11.0,[0.0,94.0])
(25.0,[80.0,55.0])
(5.0,[36.0,49.0])
(28.0,[44.0,88.0])
(10.0,[0.0,56.0])
(15.0,[27.0,58.0])
(2.0,[0.0,27.0])
(3.0,[60.0,23.0])
(3.0,[50.0,12.0])
(21.0,[52.0,57.0])
(2.0,[1.0,27.0])
(28.0,[39.0,85.0])
(2.0,[7.0,33.0])
(11.0,[0.0,99.0])
(23.0,[25.0,49.0])
(21.0,[48.0,58.0])
(37.0,[76.0,18.0])
(22.0,[75.0,79.0])
(4.0,[35.0,0.0])
(9.0,[37.0,31.0])
(19.0,[49.0,7.0])
(28.0,[40.0,88.0])
(8.0,[5.0,1.0])
(31.0,[34.0,13.0])
(1.0,[28.0,86.0])
(16.0,[13.0,99.0])
(37.0,[83.0,24.0])
(30.0,[0.0,41.0])
(3.0,[47.0,9.0])
(0.0,[92.0,83.0])
(9.0,[29.0,32.0])
(12.0,[0.0,66.0])
(35.0,[23.0,68.0])
(25.0,[77.0,58.0])
(23.0,[15.0,53.0])
(37.0,[68.0,19.0])
(8.0,[9.0,0.0])
(36.0,[0.0,84.0])
(32.0,[19.0,33.0])
(27.0,[65.0,26.0])
(6.0,[69.0,0.0])
(23.0,[12.0,49.0])
(7.0,[99.0,87.0])
(28.0,[36.0,83.0])
(32.0,[21.0,41.0])
(5.0,[35.0,51.0])
(21.0,[46.0,59.0])
(11.0,[5.0,99.0])
(33.0,[68.0,99.0])
(3.0,[46.0,25.0])
(2.0,[11.0,30.0])
(24.0,[51.0,51.0])
(20.0,[52.0,70.0])
(5.0,[36.0,46.0])
(18.0,[85.0,15.0])
(8.0,[0.0,0.0])
(1.0,[31.0,74.0])
(24.0,[59.0,59.0])
(38.0,[19.0,4.0])
(30.0,[0.0,49.0])
(24.0,[60.0,63.0])
(27.0,[58.0,26.0])
(32.0,[15.0,37.0])
(21.0,[48.0,59.0])
(33.0,[65.0,99.0])
(16.0,[13.0,99.0])
(9.0,[34.0,36.0])
(30.0,[0.0,40.0])
(3.0,[61.0,17.0])
(27.0,[66.0,29.0])
(23.0,[14.0,48.0])
(3.0,[57.0,25.0])
(35.0,[17.0,70.0])
(11.0,[8.0,99.0])
(24.0,[53.0,50.0])
(2.0,[7.0,29.0])
(18.0,[87.0,0.0])
(34.0,[89.0,51.0])
(16.0,[14.0,99.0])
(20.0,[54.0,77.0])
(3.0,[49.0,28.0])
(10.0,[3.0,59.0])
(21.0,[54.0,60.0])
(10.0,[0.0,62.0])
(9.0,[34.0,35.0])
(11.0,[7.0,99.0])
(20.0,[51.0,78.0])
(12.0,[8.0,73.0])
(36.0,[15.0,84.0])
(1.0,[24.0,84.0])
(3.0,[48.0,27.0])
(12.0,[9.0,68.0])
(29.0,[9.0,23.0])
(29.0,[20.0,26.0])
(32.0,[26.0,38.0])
(28.0,[39.0,83.0])
(26.0,[99.0,34.0])
(32.0,[23.0,40.0])
(1.0,[26.0,74.0])
(14.0,[38.0,99.0])
(25.0,[79.0,62.0])
(21.0,[45.0,62.0])
(17.0,[24.0,99.0])
(27.0,[64.0,37.0])
(28.0,[47.0,79.0])
(19.0,[46.0,0.0])
(9.0,[34.0,36.0])
(8.0,[0.0,6.0])
(11.0,[1.0,93.0])
(35.0,[24.0,66.0])
(24.0,[53.0,45.0])
(10.0,[0.0,56.0])
(9.0,[49.0,34.0])
(15.0,[38.0,59.0])
(34.0,[95.0,59.0])
(34.0,[93.0,58.0])
(3.0,[48.0,15.0])
(23.0,[13.0,57.0])
(32.0,[23.0,36.0])
(26.0,[99.0,36.0])
(17.0,[35.0,99.0])
(5.0,[29.0,43.0])
(37.0,[74.0,17.0])
(0.0,[84.0,71.0])
(1.0,[27.0,77.0])
(32.0,[16.0,37.0])
(1.0,[27.0,72.0])
(9.0,[32.0,31.0])
(23.0,[22.0,55.0])
(27.0,[66.0,34.0])
(28.0,[39.0,89.0])
(28.0,[37.0,85.0])
(4.0,[39.0,0.0])
(32.0,[29.0,36.0])
(9.0,[29.0,32.0])
(5.0,[32.0,50.0])
(25.0,[81.0,53.0])
(25.0,[78.0,70.0])
(29.0,[15.0,23.0])
(38.0,[20.0,8.0])
(30.0,[1.0,42.0])
(29.0,[14.0,16.0])
(26.0,[99.0,39.0])
(32.0,[16.0,39.0])
(0.0,[83.0,76.0])
(29.0,[12.0,24.0])
(26.0,[98.0,23.0])
(10.0,[8.0,60.0])
(38.0,[21.0,2.0])
(23.0,[14.0,53.0])
(39.0,[73.0,37.0])
(16.0,[9.0,99.0])
(9.0,[35.0,34.0])
(12.0,[0.0,72.0])
(9.0,[47.0,30.0])
(19.0,[46.0,0.0])
(32.0,[12.0,36.0])
(18.0,[99.0,0.0])
(31.0,[29.0,20.0])
(21.0,[53.0,62.0])
(23.0,[24.0,46.0])
(8.0,[0.0,0.0])
(4.0,[31.0,10.0])
(20.0,[53.0,76.0])
(5.0,[32.0,51.0])
(32.0,[14.0,36.0])
(3.0,[53.0,27.0])
(8.0,[1.0,0.0])
(2.0,[0.0,33.0])
(4.0,[36.0,3.0])
(37.0,[74.0,25.0])
(35.0,[18.0,66.0])
(0.0,[83.0,71.0])
(36.0,[12.0,79.0])
(20.0,[55.0,85.0])
(37.0,[73.0,15.0])
(22.0,[66.0,85.0])
(14.0,[43.0,93.0])
(39.0,[70.0,36.0])
(29.0,[10.0,20.0])
(26.0,[99.0,33.0])
(2.0,[7.0,27.0])
(24.0,[59.0,47.0])
(28.0,[47.0,86.0])
(10.0,[12.0,58.0])
(2.0,[7.0,27.0])
(25.0,[69.0,61.0])
(27.0,[60.0,29.0])
(7.0,[99.0,88.0])
(21.0,[47.0,61.0])
(1.0,[20.0,86.0])
(37.0,[69.0,22.0])
(6.0,[72.0,1.0])
(12.0,[7.0,75.0])
(10.0,[0.0,57.0])
(12.0,[6.0,68.0])
(37.0,[71.0,19.0])
(16.0,[13.0,99.0])
(15.0,[40.0,63.0])
(38.0,[15.0,2.0])
(31.0,[30.0,22.0])
(17.0,[34.0,99.0])
(30.0,[0.0,46.0])
(12.0,[10.0,73.0])
(25.0,[80.0,68.0])
(7.0,[99.0,85.0])
(7.0,[99.0,85.0])
(15.0,[37.0,59.0])
(4.0,[35.0,2.0])
(24.0,[56.0,56.0])
(10.0,[0.0,57.0])
(16.0,[20.0,99.0])
(29.0,[15.0,28.0])
(25.0,[68.0,65.0])
(32.0,[20.0,29.0])
(33.0,[69.0,99.0])
(32.0,[14.0,33.0])
(21.0,[44.0,49.0])
(4.0,[36.0,6.0])
(35.0,[12.0,64.0])
(23.0,[22.0,45.0])
(11.0,[6.0,95.0])
(21.0,[42.0,51.0])
(5.0,[37.0,55.0])
(21.0,[42.0,58.0])
(30.0,[0.0,39.0])
(4.0,[29.0,0.0])
(13.0,[0.0,12.0])
(30.0,[5.0,38.0])
(0.0,[85.0,75.0])
(15.0,[29.0,66.0])
(9.0,[46.0,41.0])
(27.0,[67.0,30.0])
(7.0,[99.0,94.0])
(33.0,[64.0,99.0])
(21.0,[47.0,61.0])
(22.0,[67.0,83.0])
(30.0,[0.0,36.0])
(3.0,[59.0,11.0])
(24.0,[63.0,45.0])
(19.0,[50.0,0.0])
(2.0,[0.0,25.0])
(17.0,[24.0,99.0])
(5.0,[31.0,55.0])
(32.0,[21.0,40.0])
(24.0,[65.0,50.0])
(10.0,[0.0,51.0])
(1.0,[26.0,78.0])
(37.0,[84.0,26.0])
(36.0,[13.0,83.0])
(1.0,[26.0,74.0])
(17.0,[32.0,99.0])
(31.0,[38.0,17.0])
(21.0,[44.0,53.0])
(5.0,[28.0,43.0])
(2.0,[6.0,29.0])
(2.0,[10.0,32.0])
(23.0,[24.0,58.0])
(23.0,[18.0,44.0])
(32.0,[21.0,43.0])
(25.0,[77.0,69.0])
(22.0,[64.0,82.0])
(7.0,[99.0,99.0])
(32.0,[22.0,37.0])
(13.0,[0.0,15.0])
(13.0,[7.0,10.0])
(21.0,[52.0,63.0])
(23.0,[15.0,58.0])
(2.0,[0.0,31.0])
(2.0,[0.0,30.0])
(22.0,[71.0,81.0])
(20.0,[46.0,71.0])
(33.0,[70.0,99.0])
(27.0,[56.0,34.0])
(35.0,[22.0,70.0])
(0.0,[87.0,77.0])
(13.0,[0.0,22.0])
(36.0,[14.0,77.0])
(17.0,[36.0,99.0])
(17.0,[27.0,99.0])
(31.0,[34.0,24.0])
(19.0,[51.0,2.0])
(10.0,[8.0,62.0])
(30.0,[0.0,49.0])
(35.0,[15.0,63.0])
(19.0,[61.0,4.0])
(10.0,[9.0,53.0])
(1.0,[24.0,82.0])
(36.0,[10.0,90.0])
(12.0,[2.0,65.0])
(5.0,[27.0,43.0])
(7.0,[93.0,99.0])
(20.0,[52.0,83.0])
(23.0,[24.0,51.0])
(21.0,[46.0,61.0])
(14.0,[42.0,99.0])
(2.0,[0.0,33.0])
(16.0,[23.0,99.0])
(28.0,[34.0,87.0])
(36.0,[13.0,76.0])
(13.0,[0.0,20.0])
(6.0,[70.0,0.0])
(5.0,[35.0,53.0])
(11.0,[4.0,89.0])
(30.0,[4.0,39.0])
(3.0,[54.0,11.0])
(5.0,[31.0,49.0])
(1.0,[21.0,77.0])
(25.0,[78.0,69.0])
(1.0,[22.0,83.0])
(39.0,[70.0,40.0])
(22.0,[77.0,77.0])
(29.0,[12.0,16.0])
(39.0,[76.0,39.0])
(1.0,[19.0,75.0])
(26.0,[99.0,37.0])
(6.0,[81.0,4.0])
(1.0,[25.0,73.0])
(10.0,[4.0,55.0])
(25.0,[67.0,62.0])
(12.0,[2.0,63.0])
(4.0,[43.0,0.0])
(1.0,[29.0,85.0])
(24.0,[53.0,49.0])
(2.0,[7.0,36.0])
(24.0,[65.0,57.0])
(14.0,[54.0,87.0])
(15.0,[34.0,69.0])
(0.0,[99.0,81.0])
(4.0,[28.0,6.0])
(0.0,[91.0,76.0])
(32.0,[29.0,35.0])
(33.0,[77.0,91.0])
(26.0,[99.0,28.0])
(5.0,[34.0,49.0])
(2.0,[5.0,26.0])
(3.0,[58.0,14.0])
(11.0,[4.0,96.0])
(12.0,[8.0,68.0])
(28.0,[40.0,77.0])
(16.0,[14.0,99.0])
(2.0,[4.0,30.0])
(24.0,[53.0,53.0])
(37.0,[73.0,20.0])
(4.0,[40.0,0.0])
(36.0,[14.0,76.0])
(15.0,[32.0,66.0])
(9.0,[37.0,35.0])
(5.0,[34.0,50.0])
(16.0,[12.0,94.0])
(10.0,[8.0,60.0])
(25.0,[69.0,57.0])
(28.0,[36.0,85.0])
(29.0,[22.0,19.0])
(34.0,[99.0,48.0])
(39.0,[75.0,50.0])
(18.0,[90.0,12.0])
(38.0,[26.0,5.0])
(31.0,[37.0,12.0])
(24.0,[59.0,57.0])
(9.0,[35.0,38.0])
(9.0,[44.0,27.0])
(22.0,[80.0,87.0])
(24.0,[53.0,48.0])
(38.0,[11.0,7.0])
(9.0,[34.0,36.0])
(35.0,[12.0,62.0])
(22.0,[69.0,82.0])
(35.0,[20.0,65.0])
(32.0,[20.0,43.0])
(15.0,[30.0,70.0])
(34.0,[99.0,58.0])
(33.0,[63.0,99.0])
(34.0,[92.0,64.0])
(10.0,[0.0,57.0])
(25.0,[76.0,70.0])
(31.0,[25.0,16.0])
(36.0,[9.0,81.0])
(15.0,[38.0,64.0])
(1.0,[27.0,77.0])
(26.0,[99.0,26.0])
(22.0,[80.0,83.0])
(4.0,[34.0,11.0])
(27.0,[67.0,36.0])
(35.0,[16.0,71.0])
(16.0,[16.0,99.0])
(27.0,[62.0,24.0])
(29.0,[11.0,21.0])
(37.0,[80.0,31.0])
(21.0,[42.0,53.0])
(14.0,[38.0,95.0])
(15.0,[40.0,64.0])
(24.0,[55.0,61.0])
(23.0,[18.0,46.0])
(27.0,[65.0,27.0])
(37.0,[69.0,25.0])
(11.0,[2.0,88.0])
(24.0,[53.0,54.0])
(23.0,[22.0,47.0])
(31.0,[40.0,22.0])
(18.0,[99.0,0.0])
(19.0,[49.0,0.0])
(27.0,[59.0,25.0])
(6.0,[72.0,0.0])
(13.0,[5.0,11.0])
(18.0,[87.0,11.0])
(7.0,[99.0,99.0])
(23.0,[22.0,45.0])
(37.0,[78.0,25.0])
(17.0,[30.0,99.0])
(5.0,[27.0,45.0])
(17.0,[35.0,99.0])
(29.0,[12.0,20.0])
(38.0,[18.0,11.0])
(15.0,[38.0,71.0])
(6.0,[81.0,0.0])
(18.0,[91.0,0.0])
(8.0,[0.0,0.0])
(38.0,[15.0,0.0])
(10.0,[0.0,51.0])
(8.0,[6.0,4.0])
(39.0,[73.0,37.0])
(20.0,[46.0,71.0])
(10.0,[8.0,52.0])
(16.0,[22.0,93.0])
(37.0,[78.0,31.0])
(8.0,[0.0,7.0])
(19.0,[56.0,3.0])
(8.0,[1.0,0.0])
(29.0,[14.0,23.0])
(9.0,[38.0,26.0])
(5.0,[40.0,47.0])
(17.0,[23.0,92.0])
(29.0,[19.0,19.0])
(17.0,[34.0,99.0])
(13.0,[0.0,17.0])
(28.0,[43.0,74.0])
(19.0,[53.0,1.0])
(25.0,[80.0,59.0])
(10.0,[7.0,59.0])
(9.0,[40.0,25.0])
(27.0,[51.0,30.0])
(12.0,[9.0,67.0])
(17.0,[26.0,94.0])
(29.0,[8.0,22.0])
(29.0,[16.0,17.0])
(9.0,[31.0,29.0])
(0.0,[84.0,73.0])
(30.0,[0.0,40.0])
(4.0,[38.0,0.0])
(34.0,[92.0,57.0])
(27.0,[56.0,27.0])
(5.0,[35.0,51.0])
(38.0,[15.0,9.0])
(32.0,[18.0,39.0])
(15.0,[26.0,62.0])
(38.0,[22.0,0.0])
(36.0,[18.0,87.0])
(38.0,[24.0,0.0])
(28.0,[38.0,83.0])
(6.0,[71.0,0.0])
(30.0,[0.0,40.0])
(20.0,[57.0,73.0])
(4.0,[28.0,0.0])
(8.0,[0.0,0.0])
(35.0,[25.0,69.0])
(24.0,[62.0,57.0])
(5.0,[38.0,51.0])
(35.0,[11.0,66.0])
(11.0,[0.0,99.0])
(23.0,[22.0,59.0])
(9.0,[30.0,35.0])
(7.0,[99.0,99.0])
(21.0,[52.0,62.0])
(12.0,[2.0,66.0])
(22.0,[65.0,85.0])
(1.0,[29.0,85.0])
(23.0,[24.0,47.0])
(16.0,[13.0,99.0])
(15.0,[33.0,59.0])
(15.0,[39.0,64.0])
(27.0,[64.0,26.0])
(5.0,[37.0,48.0])
(22.0,[71.0,86.0])
(5.0,[37.0,50.0])
(5.0,[28.0,45.0])
(8.0,[3.0,1.0])
(11.0,[7.0,97.0])
(20.0,[49.0,69.0])
(29.0,[16.0,22.0])
(14.0,[41.0,94.0])
(28.0,[40.0,81.0])
(15.0,[29.0,67.0])
(29.0,[10.0,17.0])
(7.0,[99.0,98.0])
(20.0,[57.0,78.0])
(11.0,[7.0,97.0])
(29.0,[16.0,29.0])
(1.0,[25.0,81.0])
(12.0,[0.0,69.0])
(28.0,[46.0,79.0])
(25.0,[76.0,58.0])
(21.0,[40.0,61.0])
(27.0,[53.0,28.0])
(5.0,[38.0,46.0])
(26.0,[99.0,26.0])
(15.0,[27.0,63.0])
(10.0,[0.0,60.0])
(24.0,[55.0,58.0])
(21.0,[41.0,60.0])
(26.0,[85.0,34.0])
(28.0,[37.0,88.0])
(0.0,[99.0,81.0])
(9.0,[34.0,33.0])
(12.0,[10.0,68.0])
(12.0,[5.0,70.0])
(29.0,[10.0,21.0])
(27.0,[60.0,28.0])
(21.0,[50.0,57.0])
(3.0,[50.0,11.0])
(1.0,[28.0,84.0])
(5.0,[29.0,57.0])
(30.0,[8.0,38.0])
(8.0,[0.0,0.0])
(10.0,[0.0,58.0])
(0.0,[84.0,73.0])
(35.0,[17.0,64.0])
(11.0,[8.0,97.0])
(37.0,[68.0,26.0])
(24.0,[55.0,59.0])
(15.0,[36.0,65.0])
(18.0,[84.0,15.0])
(3.0,[56.0,23.0])
(18.0,[84.0,8.0])
(2.0,[11.0,33.0])
(27.0,[59.0,37.0])
(8.0,[0.0,5.0])
(25.0,[84.0,64.0])
(5.0,[39.0,50.0])
(10.0,[1.0,62.0])
(10.0,[0.0,54.0])
(4.0,[40.0,3.0])
(37.0,[67.0,26.0])
(34.0,[96.0,47.0])
(10.0,[0.0,57.0])
(37.0,[75.0,15.0])
(13.0,[6.0,13.0])
(34.0,[99.0,61.0])
(30.0,[8.0,41.0])
(5.0,[36.0,57.0])
(1.0,[30.0,82.0])
(38.0,[10.0,7.0])
(38.0,[11.0,0.0])
(17.0,[31.0,92.0])
(39.0,[70.0,38.0])
(3.0,[51.0,14.0])
(11.0,[9.0,96.0])
(35.0,[13.0,64.0])
(16.0,[13.0,99.0])
(10.0,[6.0,52.0])
(36.0,[8.0,76.0])
(5.0,[33.0,50.0])
(21.0,[50.0,58.0])
(10.0,[9.0,60.0])
(23.0,[25.0,54.0])
(3.0,[49.0,22.0])
(18.0,[92.0,19.0])
(15.0,[37.0,71.0])
(8.0,[4.0,0.0])
(13.0,[0.0,12.0])
(13.0,[0.0,10.0])
(17.0,[34.0,88.0])
(7.0,[99.0,94.0])
(22.0,[75.0,85.0])
(27.0,[56.0,34.0])
(27.0,[66.0,36.0])
(5.0,[27.0,46.0])
(23.0,[19.0,47.0])
(25.0,[79.0,57.0])
(4.0,[27.0,0.0])
(31.0,[33.0,11.0])
(32.0,[18.0,41.0])
(12.0,[0.0,76.0])
(1.0,[22.0,77.0])
(2.0,[0.0,32.0])
(3.0,[62.0,22.0])
(16.0,[10.0,99.0])
(1.0,[22.0,76.0])
(32.0,[24.0,43.0])
(3.0,[48.0,25.0])
(14.0,[42.0,91.0])
(2.0,[1.0,31.0])
(31.0,[33.0,25.0])
(10.0,[6.0,62.0])
(28.0,[46.0,81.0])
(37.0,[69.0,17.0])
(12.0,[2.0,65.0])
(13.0,[5.0,14.0])
(26.0,[93.0,41.0])
(3.0,[50.0,26.0])
(7.0,[99.0,99.0])
(32.0,[14.0,39.0])
(1.0,[19.0,78.0])
(16.0,[10.0,99.0])
(28.0,[32.0,85.0])
(28.0,[35.0,79.0])
(5.0,[30.0,43.0])
(23.0,[13.0,54.0])
(38.0,[10.0,8.0])
(1.0,[32.0,76.0])
(17.0,[34.0,99.0])
(23.0,[20.0,51.0])
(32.0,[13.0,32.0])
(8.0,[0.0,0.0])
(31.0,[41.0,15.0])
(17.0,[28.0,99.0])
(14.0,[39.0,99.0])
(26.0,[99.0,38.0])
(24.0,[63.0,55.0])
(37.0,[72.0,19.0])
(21.0,[45.0,57.0])
(38.0,[20.0,13.0])
(27.0,[57.0,34.0])
(23.0,[11.0,54.0])
(8.0,[0.0,5.0])
(5.0,[36.0,43.0])
(24.0,[52.0,47.0])
(25.0,[72.0,56.0])
(25.0,[77.0,61.0])
(20.0,[44.0,71.0])
(5.0,[36.0,47.0])
(5.0,[32.0,56.0])
(10.0,[6.0,59.0])
(29.0,[14.0,13.0])
(0.0,[85.0,72.0])
(12.0,[0.0,73.0])
(23.0,[22.0,51.0])
(15.0,[36.0,59.0])
(27.0,[68.0,30.0])
(27.0,[57.0,37.0])
(35.0,[25.0,66.0])
(7.0,[97.0,99.0])
(19.0,[52.0,0.0])
(35.0,[12.0,69.0])
(20.0,[53.0,64.0])
(15.0,[40.0,69.0])
(32.0,[16.0,43.0])
(11.0,[9.0,94.0])
(9.0,[37.0,29.0])
(12.0,[7.0,64.0])
(38.0,[22.0,4.0])
(24.0,[49.0,46.0])
(9.0,[41.0,26.0])
(7.0,[99.0,99.0])
(14.0,[43.0,93.0])
(4.0,[39.0,0.0])
(37.0,[75.0,21.0])
(29.0,[14.0,26.0])
(15.0,[25.0,65.0])
(29.0,[20.0,27.0])
(15.0,[38.0,62.0])
(11.0,[0.0,99.0])
(26.0,[99.0,40.0])
(10.0,[0.0,55.0])
(21.0,[47.0,58.0])
(23.0,[23.0,58.0])
(10.0,[0.0,54.0])
(31.0,[34.0,23.0])
(11.0,[0.0,86.0])
(13.0,[0.0,14.0])
(22.0,[67.0,85.0])
(22.0,[75.0,85.0])
(0.0,[90.0,77.0])
(25.0,[74.0,70.0])
(2.0,[5.0,31.0])
(26.0,[99.0,32.0])
(16.0,[11.0,99.0])
(23.0,[20.0,59.0])
(1.0,[27.0,71.0])
(11.0,[6.0,90.0])
(0.0,[86.0,66.0])
(3.0,[55.0,23.0])
(23.0,[19.0,56.0])
(1.0,[29.0,81.0])
(5.0,[27.0,46.0])
(29.0,[21.0,19.0])
(38.0,[17.0,0.0])
(3.0,[53.0,18.0])
(25.0,[80.0,63.0])
(10.0,[0.0,57.0])
(10.0,[0.0,52.0])
(32.0,[18.0,39.0])
(5.0,[30.0,51.0])
(25.0,[72.0,55.0])
(30.0,[7.0,43.0])
(26.0,[99.0,38.0])
(18.0,[93.0,14.0])
(7.0,[99.0,84.0])
(23.0,[13.0,49.0])
(28.0,[34.0,76.0])
(36.0,[15.0,80.0])
(12.0,[10.0,67.0])
(11.0,[8.0,90.0])
(2.0,[8.0,25.0])
(1.0,[21.0,82.0])
(14.0,[46.0,99.0])
(21.0,[47.0,57.0])
(3.0,[61.0,22.0])
(27.0,[58.0,36.0])
(26.0,[92.0,42.0])
(23.0,[24.0,47.0])
(1.0,[22.0,75.0])
(13.0,[0.0,21.0])
(17.0,[25.0,91.0])
(10.0,[0.0,52.0])
(22.0,[67.0,72.0])
(12.0,[0.0,70.0])
(27.0,[67.0,32.0])
(33.0,[65.0,92.0])
(37.0,[66.0,15.0])
(19.0,[65.0,5.0])
(1.0,[18.0,79.0])
(0.0,[83.0,73.0])
(22.0,[69.0,73.0])
(31.0,[30.0,23.0])
(17.0,[26.0,90.0])
(28.0,[46.0,78.0])
(12.0,[0.0,72.0])
(30.0,[0.0,46.0])
(22.0,[72.0,84.0])
(23.0,[18.0,52.0])
(26.0,[99.0,43.0])
(1.0,[20.0,77.0])
(7.0,[99.0,99.0])
(23.0,[22.0,50.0])
(37.0,[65.0,21.0])
(38.0,[15.0,6.0])
(5.0,[36.0,52.0])
(2.0,[0.0,28.0])
(14.0,[40.0,90.0])
(22.0,[74.0,77.0])
(12.0,[8.0,66.0])
(21.0,[44.0,55.0])
(18.0,[99.0,0.0])
(4.0,[36.0,0.0])
(7.0,[99.0,83.0])
(29.0,[11.0,14.0])
(39.0,[74.0,45.0])
(25.0,[68.0,65.0])
(23.0,[18.0,54.0])
(36.0,[16.0,80.0])
(35.0,[12.0,63.0])
(31.0,[24.0,21.0])
(13.0,[1.0,9.0])
(30.0,[12.0,42.0])
(14.0,[45.0,99.0])
(11.0,[4.0,99.0])
(37.0,[63.0,21.0])
(36.0,[9.0,81.0])
(28.0,[41.0,89.0])
(38.0,[11.0,9.0])
(17.0,[28.0,99.0])
(1.0,[26.0,72.0])
(22.0,[69.0,76.0])
(28.0,[39.0,76.0])
(21.0,[49.0,56.0])
(2.0,[9.0,29.0])
(32.0,[25.0,35.0])
(21.0,[49.0,62.0])
(13.0,[0.0,21.0])
(13.0,[0.0,16.0])
(5.0,[36.0,55.0])
(23.0,[16.0,53.0])
(15.0,[36.0,62.0])
(32.0,[16.0,40.0])
(32.0,[23.0,37.0])
(5.0,[38.0,44.0])
(2.0,[0.0,28.0])
(28.0,[34.0,85.0])
(9.0,[30.0,35.0])
(38.0,[11.0,0.0])
(37.0,[76.0,21.0])
(25.0,[73.0,55.0])
(38.0,[21.0,9.0])
(13.0,[0.0,22.0])
(31.0,[42.0,16.0])
(2.0,[8.0,32.0])
(22.0,[71.0,82.0])
(29.0,[18.0,18.0])
(29.0,[10.0,24.0])
(16.0,[9.0,99.0])
(11.0,[0.0,99.0])
(3.0,[60.0,23.0])
(36.0,[2.0,80.0])
(28.0,[40.0,81.0])
(5.0,[27.0,51.0])
(22.0,[72.0,87.0])
(16.0,[19.0,99.0])
(38.0,[16.0,10.0])
(5.0,[37.0,51.0])
(2.0,[0.0,25.0])
(13.0,[4.0,13.0])
(18.0,[99.0,0.0])
(5.0,[34.0,57.0])
(13.0,[7.0,10.0])
(25.0,[80.0,69.0])
(34.0,[88.0,59.0])
(34.0,[99.0,49.0])
(0.0,[92.0,69.0])
(15.0,[26.0,59.0])
(37.0,[66.0,22.0])
(7.0,[87.0,94.0])
(32.0,[26.0,33.0])
(0.0,[99.0,81.0])
(16.0,[23.0,99.0])
(38.0,[24.0,10.0])
(22.0,[69.0,85.0])
(19.0,[53.0,0.0])
(38.0,[22.0,0.0])
(38.0,[16.0,0.0])
(23.0,[17.0,50.0])
(23.0,[21.0,53.0])
(39.0,[77.0,49.0])
(8.0,[0.0,0.0])
(14.0,[47.0,97.0])
(38.0,[11.0,0.0])
(4.0,[40.0,0.0])
(24.0,[61.0,54.0])
(19.0,[62.0,8.0])
(22.0,[68.0,85.0])
(25.0,[80.0,53.0])
(31.0,[39.0,20.0])
(23.0,[13.0,55.0])
(0.0,[90.0,80.0])
(26.0,[99.0,32.0])
(11.0,[9.0,94.0])
(2.0,[0.0,25.0])
(15.0,[33.0,68.0])
(23.0,[16.0,49.0])
(15.0,[36.0,63.0])
(14.0,[44.0,97.0])
(34.0,[90.0,51.0])
(37.0,[67.0,26.0])
(14.0,[50.0,98.0])
(22.0,[58.0,83.0])
(1.0,[20.0,75.0])
(30.0,[0.0,38.0])
(20.0,[61.0,66.0])
(1.0,[30.0,82.0])
(13.0,[7.0,22.0])
(13.0,[0.0,21.0])
(30.0,[9.0,43.0])
(2.0,[0.0,34.0])
(28.0,[36.0,74.0])
(25.0,[79.0,57.0])
(37.0,[73.0,25.0])
(7.0,[91.0,99.0])
(37.0,[69.0,19.0])
(4.0,[38.0,0.0])
(9.0,[40.0,34.0])
(25.0,[75.0,60.0])
(18.0,[99.0,0.0])
(34.0,[91.0,45.0])
(11.0,[6.0,99.0])
(39.0,[85.0,42.0])
(28.0,[41.0,73.0])
(38.0,[22.0,1.0])
(16.0,[20.0,88.0])
(29.0,[10.0,18.0])
(18.0,[99.0,19.0])
(22.0,[62.0,83.0])
(22.0,[64.0,76.0])
(19.0,[58.0,0.0])
(36.0,[10.0,87.0])
(38.0,[25.0,8.0])
(3.0,[48.0,22.0])
(37.0,[63.0,21.0])
(31.0,[36.0,23.0])
(10.0,[0.0,53.0])
(22.0,[67.0,70.0])
(37.0,[67.0,15.0])
(31.0,[28.0,10.0])
(21.0,[43.0,64.0])
(2.0,[9.0,34.0])
(23.0,[20.0,45.0])
(39.0,[80.0,43.0])
(16.0,[13.0,99.0])
(24.0,[57.0,56.0])
(8.0,[0.0,0.0])
(5.0,[28.0,46.0])
(2.0,[0.0,30.0])
(9.0,[40.0,37.0])
(6.0,[77.0,6.0])
(35.0,[23.0,71.0])
(32.0,[18.0,41.0])
(37.0,[67.0,27.0])
(27.0,[62.0,39.0])
(36.0,[0.0,85.0])
(29.0,[11.0,27.0])
(9.0,[33.0,31.0])
(20.0,[58.0,79.0])
(8.0,[0.0,6.0])
(20.0,[47.0,76.0])
(32.0,[28.0,31.0])
(8.0,[10.0,0.0])
(7.0,[99.0,94.0])
(38.0,[17.0,12.0])
(23.0,[16.0,47.0])
(9.0,[33.0,31.0])
(25.0,[73.0,54.0])
(36.0,[6.0,87.0])
(32.0,[17.0,40.0])
(28.0,[36.0,75.0])
(5.0,[39.0,50.0])
(30.0,[0.0,45.0])
(38.0,[18.0,5.0])
(4.0,[39.0,0.0])
(9.0,[31.0,34.0])
(24.0,[51.0,51.0])
(19.0,[51.0,5.0])
(30.0,[0.0,49.0])
(15.0,[32.0,64.0])
(23.0,[23.0,54.0])
(5.0,[27.0,44.0])
(23.0,[12.0,56.0])
(15.0,[40.0,66.0])
(12.0,[7.0,66.0])
(1.0,[18.0,81.0])
(26.0,[99.0,35.0])
(7.0,[92.0,99.0])
(23.0,[17.0,52.0])
(9.0,[36.0,27.0])
(18.0,[99.0,0.0])
(3.0,[50.0,18.0])
(32.0,[22.0,30.0])
(38.0,[21.0,13.0])
(38.0,[23.0,8.0])
(20.0,[59.0,64.0])
(31.0,[27.0,19.0])
(37.0,[69.0,24.0])
(16.0,[11.0,99.0])
(24.0,[52.0,54.0])
(20.0,[55.0,66.0])
(35.0,[15.0,75.0])
(9.0,[33.0,31.0])
(12.0,[0.0,66.0])
(9.0,[33.0,34.0])
(29.0,[20.0,18.0])
(29.0,[18.0,20.0])
(23.0,[21.0,48.0])
(32.0,[21.0,38.0])
(29.0,[19.0,18.0])
(31.0,[35.0,13.0])
(2.0,[0.0,29.0])
(6.0,[75.0,0.0])
(2.0,[3.0,27.0])
(11.0,[0.0,96.0])
(38.0,[18.0,12.0])
(23.0,[20.0,51.0])
(20.0,[55.0,65.0])
(26.0,[99.0,33.0])
(21.0,[54.0,63.0])
(21.0,[42.0,58.0])
(28.0,[40.0,83.0])
(28.0,[45.0,86.0])
(17.0,[24.0,99.0])
(5.0,[32.0,53.0])
(22.0,[78.0,85.0])
(1.0,[31.0,78.0])
(0.0,[84.0,67.0])
(27.0,[60.0,38.0])
(9.0,[37.0,31.0])
(1.0,[22.0,73.0])
(37.0,[75.0,22.0])
(6.0,[76.0,6.0])
(16.0,[22.0,99.0])
(32.0,[18.0,43.0])
(34.0,[88.0,59.0])
(5.0,[37.0,50.0])
(24.0,[66.0,55.0])
(5.0,[35.0,49.0])
(8.0,[0.0,7.0])
(1.0,[31.0,83.0])
(16.0,[15.0,99.0])
(20.0,[60.0,78.0])
(39.0,[81.0,51.0])
(5.0,[31.0,41.0])
(39.0,[66.0,43.0])
(24.0,[63.0,50.0])
(32.0,[22.0,38.0])
(10.0,[4.0,60.0])
(4.0,[43.0,0.0])
(20.0,[57.0,71.0])
(9.0,[32.0,31.0])
(25.0,[77.0,60.0])
(23.0,[25.0,54.0])
(8.0,[0.0,7.0])
(37.0,[65.0,17.0])
(28.0,[38.0,80.0])
(20.0,[55.0,69.0])
(14.0,[40.0,99.0])
(25.0,[77.0,71.0])
(16.0,[9.0,99.0])
(27.0,[50.0,36.0])
(19.0,[60.0,3.0])
(12.0,[0.0,73.0])
(5.0,[33.0,49.0])
(14.0,[44.0,99.0])
(17.0,[33.0,90.0])
(12.0,[5.0,73.0])
(10.0,[0.0,55.0])
(3.0,[54.0,25.0])
(22.0,[65.0,80.0])
(9.0,[42.0,37.0])
(35.0,[18.0,71.0])
(27.0,[60.0,36.0])
(29.0,[12.0,16.0])
(16.0,[11.0,93.0])
(38.0,[20.0,6.0])
(24.0,[62.0,52.0])
(19.0,[52.0,0.0])
(22.0,[65.0,76.0])
(4.0,[35.0,5.0])
(17.0,[26.0,99.0])
(9.0,[44.0,37.0])
(3.0,[48.0,23.0])
(28.0,[45.0,84.0])
(17.0,[30.0,99.0])
(22.0,[74.0,79.0])
(15.0,[26.0,66.0])
(26.0,[99.0,37.0])
(32.0,[29.0,36.0])
(13.0,[8.0,17.0])
(37.0,[81.0,30.0])
(39.0,[72.0,50.0])
(23.0,[22.0,53.0])
(6.0,[72.0,8.0])
(32.0,[20.0,43.0])
(3.0,[52.0,26.0])
(32.0,[19.0,41.0])
(6.0,[70.0,11.0])
(1.0,[24.0,73.0])
(35.0,[17.0,66.0])
(14.0,[37.0,96.0])
(33.0,[68.0,99.0])
(38.0,[17.0,0.0])
(9.0,[46.0,40.0])
(11.0,[0.0,97.0])
(25.0,[65.0,63.0])
(10.0,[9.0,51.0])
(39.0,[80.0,50.0])
(1.0,[25.0,85.0])
(38.0,[19.0,0.0])
(28.0,[39.0,86.0])
(13.0,[0.0,22.0])
(6.0,[68.0,4.0])
(31.0,[41.0,19.0])
(26.0,[90.0,32.0])
(32.0,[23.0,27.0])
(38.0,[17.0,0.0])
(37.0,[78.0,26.0])
(11.0,[3.0,99.0])
(7.0,[92.0,99.0])
(5.0,[32.0,48.0])
(14.0,[39.0,99.0])
(10.0,[7.0,54.0])
(25.0,[77.0,63.0])
(10.0,[4.0,60.0])
(15.0,[36.0,72.0])
(13.0,[0.0,23.0])
(38.0,[23.0,0.0])
(32.0,[16.0,30.0])
(35.0,[15.0,66.0])
(27.0,[65.0,25.0])
(18.0,[94.0,4.0])
(9.0,[40.0,28.0])
(13.0,[5.0,19.0])
(32.0,[22.0,41.0])
(37.0,[81.0,23.0])
(3.0,[44.0,15.0])
(8.0,[0.0,0.0])
(28.0,[47.0,79.0])
(0.0,[99.0,78.0])
(10.0,[0.0,51.0])
(21.0,[41.0,56.0])
(17.0,[27.0,98.0])
(37.0,[79.0,28.0])
(1.0,[22.0,80.0])
(7.0,[99.0,93.0])
(34.0,[84.0,52.0])
(27.0,[56.0,38.0])
(24.0,[63.0,63.0])
(34.0,[94.0,56.0])
(35.0,[16.0,64.0])
(32.0,[14.0,42.0])
(13.0,[7.0,14.0])
(20.0,[49.0,70.0])
(33.0,[63.0,99.0])
(13.0,[0.0,13.0])
(36.0,[8.0,87.0])
(17.0,[34.0,88.0])
(34.0,[93.0,49.0])
(2.0,[8.0,26.0])
(17.0,[27.0,99.0])
(18.0,[99.0,0.0])
(2.0,[11.0,31.0])
(34.0,[91.0,50.0])
(32.0,[20.0,30.0])
(29.0,[17.0,27.0])
(11.0,[5.0,99.0])
(22.0,[63.0,81.0])
(39.0,[79.0,48.0])
(33.0,[65.0,99.0])
(15.0,[39.0,63.0])
(29.0,[19.0,28.0])
(22.0,[62.0,84.0])
(27.0,[61.0,23.0])
(28.0,[39.0,77.0])
(19.0,[57.0,0.0])
(32.0,[27.0,31.0])
(39.0,[71.0,48.0])
(34.0,[85.0,49.0])
(33.0,[68.0,99.0])
(16.0,[23.0,99.0])
(5.0,[33.0,50.0])
(2.0,[0.0,29.0])
(12.0,[3.0,69.0])
(39.0,[76.0,41.0])
(35.0,[16.0,71.0])
(20.0,[53.0,68.0])
(21.0,[49.0,61.0])
(38.0,[12.0,10.0])
(13.0,[0.0,10.0])
(5.0,[37.0,46.0])
(39.0,[70.0,36.0])
(9.0,[35.0,34.0])
(8.0,[0.0,0.0])
(14.0,[47.0,98.0])
(16.0,[12.0,97.0])
(0.0,[88.0,74.0])
(24.0,[55.0,46.0])
(16.0,[13.0,99.0])
(12.0,[9.0,64.0])
(16.0,[11.0,99.0])
(11.0,[0.0,93.0])
(29.0,[12.0,25.0])
(32.0,[15.0,41.0])
(35.0,[11.0,67.0])
(15.0,[30.0,58.0])
(7.0,[85.0,99.0])
(32.0,[14.0,32.0])
(12.0,[0.0,67.0])
(38.0,[13.0,8.0])
(35.0,[24.0,67.0])
(30.0,[0.0,36.0])
(21.0,[48.0,50.0])
(4.0,[44.0,0.0])
(29.0,[12.0,20.0])
(17.0,[30.0,99.0])
(19.0,[47.0,0.0])
(26.0,[99.0,30.0])
(13.0,[9.0,13.0])
(25.0,[77.0,57.0])
(15.0,[32.0,66.0])
(14.0,[39.0,91.0])
(23.0,[17.0,52.0])
(30.0,[5.0,38.0])
(32.0,[11.0,36.0])
(36.0,[5.0,86.0])
(32.0,[25.0,35.0])
(37.0,[68.0,15.0])
(21.0,[43.0,60.0])
(15.0,[37.0,65.0])
(24.0,[62.0,46.0])
(30.0,[9.0,41.0])
(25.0,[79.0,52.0])
(34.0,[99.0,57.0])
(11.0,[4.0,99.0])
(35.0,[16.0,62.0])
(20.0,[63.0,68.0])
(24.0,[63.0,59.0])
(1.0,[24.0,80.0])
(28.0,[36.0,85.0])
(2.0,[7.0,25.0])
(38.0,[22.0,0.0])
(21.0,[43.0,60.0])
(34.0,[91.0,58.0])
(31.0,[31.0,27.0])
(21.0,[48.0,51.0])
(21.0,[50.0,51.0])
(34.0,[96.0,59.0])
(14.0,[50.0,96.0])
(12.0,[7.0,71.0])
(36.0,[11.0,80.0])
(21.0,[50.0,62.0])
(19.0,[56.0,0.0])
(1.0,[25.0,76.0])
(31.0,[31.0,13.0])
(22.0,[74.0,82.0])
(38.0,[14.0,5.0])
(2.0,[7.0,31.0])
(2.0,[8.0,31.0])
(24.0,[65.0,58.0])
(31.0,[31.0,17.0])
(36.0,[15.0,85.0])
(11.0,[0.0,92.0])
(28.0,[33.0,81.0])
(8.0,[0.0,7.0])
(21.0,[43.0,54.0])
(28.0,[36.0,80.0])
(10.0,[11.0,57.0])
(6.0,[79.0,0.0])
(24.0,[57.0,43.0])
(8.0,[0.0,0.0])
(28.0,[40.0,88.0])
(5.0,[33.0,45.0])
(23.0,[14.0,52.0])
(9.0,[37.0,33.0])
(27.0,[51.0,30.0])
(32.0,[17.0,43.0])
(8.0,[9.0,2.0])
(2.0,[0.0,27.0])
(29.0,[15.0,15.0])
(24.0,[62.0,64.0])
(21.0,[49.0,58.0])
(2.0,[0.0,31.0])
(25.0,[79.0,59.0])
(27.0,[55.0,37.0])
(1.0,[25.0,82.0])
(31.0,[32.0,18.0])
(37.0,[68.0,14.0])
(30.0,[0.0,48.0])
(30.0,[9.0,40.0])
(20.0,[55.0,70.0])
(13.0,[5.0,18.0])
(5.0,[38.0,55.0])
(5.0,[37.0,43.0])
(4.0,[35.0,0.0])
(33.0,[64.0,99.0])
(8.0,[0.0,0.0])
(1.0,[26.0,76.0])
(2.0,[7.0,23.0])
(15.0,[34.0,68.0])
(10.0,[9.0,55.0])
(24.0,[56.0,59.0])
(10.0,[0.0,52.0])
(32.0,[19.0,38.0])
(9.0,[44.0,34.0])
(14.0,[39.0,99.0])
(15.0,[37.0,72.0])
(5.0,[32.0,51.0])
(24.0,[66.0,55.0])
(14.0,[44.0,98.0])
(21.0,[51.0,56.0])
(6.0,[78.0,0.0])
(7.0,[99.0,94.0])
(4.0,[36.0,0.0])
(4.0,[29.0,0.0])
(37.0,[74.0,26.0])
(25.0,[77.0,57.0])
(39.0,[73.0,49.0])
(15.0,[31.0,62.0])
(39.0,[66.0,39.0])
(5.0,[33.0,48.0])
(13.0,[0.0,19.0])
(2.0,[6.0,26.0])
(15.0,[35.0,59.0])
(32.0,[22.0,32.0])
(35.0,[12.0,61.0])
(35.0,[15.0,74.0])
(31.0,[38.0,16.0])
(2.0,[0.0,28.0])
(21.0,[41.0,60.0])
(21.0,[49.0,56.0])
(28.0,[44.0,88.0])
(0.0,[92.0,79.0])
(24.0,[56.0,44.0])
(20.0,[59.0,76.0])
(28.0,[32.0,84.0])
(1.0,[32.0,79.0])
(24.0,[66.0,50.0])
(10.0,[0.0,57.0])
(29.0,[17.0,24.0])
(19.0,[55.0,0.0])
(21.0,[47.0,57.0])
(18.0,[92.0,13.0])
(28.0,[35.0,80.0])
(32.0,[25.0,32.0])
(27.0,[57.0,37.0])
(11.0,[7.0,96.0])
(32.0,[24.0,44.0])
(23.0,[11.0,47.0])
(5.0,[39.0,54.0])
(13.0,[10.0,12.0])
(15.0,[38.0,62.0])
(29.0,[14.0,26.0])
(8.0,[8.0,0.0])
(21.0,[52.0,61.0])
(17.0,[36.0,99.0])
(1.0,[22.0,76.0])
(5.0,[31.0,50.0])
(36.0,[9.0,84.0])
(14.0,[41.0,97.0])
(7.0,[99.0,99.0])
(35.0,[15.0,61.0])
(12.0,[8.0,73.0])
(9.0,[36.0,26.0])
(2.0,[0.0,35.0])
(25.0,[71.0,55.0])
(21.0,[50.0,58.0])
(21.0,[42.0,52.0])
(10.0,[6.0,60.0])
(22.0,[81.0,90.0])
(16.0,[12.0,99.0])
(21.0,[48.0,59.0])
(34.0,[99.0,62.0])
(4.0,[32.0,10.0])
(27.0,[56.0,35.0])
(34.0,[87.0,43.0])
(24.0,[49.0,42.0])
(38.0,[26.0,10.0])
(27.0,[53.0,36.0])
(37.0,[76.0,26.0])
(0.0,[96.0,73.0])
(11.0,[6.0,91.0])
(35.0,[23.0,69.0])
(12.0,[7.0,68.0])
(11.0,[8.0,99.0])
(15.0,[33.0,59.0])
(22.0,[72.0,88.0])
(19.0,[56.0,0.0])
(17.0,[29.0,87.0])
(7.0,[99.0,95.0])
(34.0,[99.0,56.0])
(0.0,[99.0,80.0])
(13.0,[8.0,20.0])
(16.0,[20.0,99.0])
(29.0,[9.0,24.0])
(12.0,[0.0,65.0])
(4.0,[39.0,0.0])
(38.0,[15.0,5.0])
(6.0,[85.0,0.0])
(4.0,[29.0,9.0])
(6.0,[81.0,0.0])
(28.0,[40.0,87.0])
(36.0,[8.0,86.0])
(13.0,[0.0,21.0])
(29.0,[13.0,27.0])
(1.0,[26.0,77.0])
(7.0,[85.0,88.0])
(6.0,[75.0,9.0])
(20.0,[47.0,74.0])
(2.0,[0.0,27.0])
(32.0,[21.0,30.0])
(26.0,[99.0,35.0])
(4.0,[30.0,0.0])
(21.0,[50.0,53.0])
(23.0,[21.0,53.0])
(29.0,[12.0,13.0])
(7.0,[99.0,88.0])
(1.0,[20.0,75.0])
(24.0,[53.0,56.0])
(31.0,[42.0,15.0])
(26.0,[99.0,28.0])
(18.0,[86.0,12.0])
(12.0,[0.0,68.0])
(0.0,[91.0,66.0])
(22.0,[76.0,81.0])
(12.0,[6.0,69.0])
(25.0,[73.0,61.0])
(27.0,[61.0,41.0])
(11.0,[1.0,99.0])
(10.0,[0.0,55.0])
(3.0,[60.0,21.0])
(28.0,[44.0,75.0])
(30.0,[0.0,47.0])
(29.0,[9.0,20.0])
(23.0,[18.0,57.0])
(39.0,[68.0,43.0])
(26.0,[99.0,24.0])
(2.0,[7.0,29.0])
(35.0,[17.0,63.0])
(8.0,[6.0,0.0])
(10.0,[2.0,52.0])
(32.0,[30.0,37.0])
(31.0,[26.0,20.0])
(26.0,[99.0,35.0])
(4.0,[33.0,0.0])
(28.0,[39.0,86.0])
(2.0,[6.0,28.0])
(24.0,[60.0,53.0])
(12.0,[8.0,70.0])
(9.0,[38.0,25.0])
(14.0,[50.0,99.0])
(25.0,[69.0,62.0])
(13.0,[10.0,13.0])
(27.0,[62.0,34.0])
(21.0,[44.0,67.0])
(5.0,[31.0,55.0])
(25.0,[73.0,64.0])
(7.0,[91.0,86.0])
(27.0,[58.0,27.0])
(0.0,[97.0,70.0])
(1.0,[30.0,84.0])
(3.0,[58.0,13.0])
(16.0,[16.0,99.0])
(16.0,[17.0,99.0])
(4.0,[34.0,0.0])
(12.0,[7.0,75.0])
(10.0,[4.0,60.0])
(20.0,[51.0,66.0])
(27.0,[66.0,27.0])
(30.0,[10.0,39.0])
(5.0,[33.0,42.0])
(23.0,[22.0,55.0])
(7.0,[99.0,93.0])
(13.0,[0.0,13.0])
(1.0,[29.0,83.0])
(14.0,[39.0,99.0])
(24.0,[63.0,52.0])
(30.0,[2.0,40.0])
(33.0,[56.0,99.0])
(28.0,[44.0,79.0])
(30.0,[6.0,47.0])
(39.0,[67.0,39.0])
(4.0,[45.0,0.0])
(33.0,[59.0,99.0])
(4.0,[30.0,0.0])
(30.0,[0.0,39.0])
(9.0,[30.0,33.0])
(22.0,[67.0,86.0])
(1.0,[31.0,83.0])
(6.0,[77.0,8.0])
(8.0,[0.0,7.0])
(23.0,[18.0,53.0])
(25.0,[78.0,66.0])
(28.0,[44.0,86.0])
(15.0,[29.0,60.0])
(21.0,[51.0,63.0])
(25.0,[82.0,61.0])
(4.0,[42.0,7.0])
(24.0,[53.0,52.0])
(17.0,[35.0,99.0])
(2.0,[5.0,35.0])
(37.0,[64.0,23.0])
(7.0,[95.0,91.0])
(26.0,[90.0,40.0])
(9.0,[38.0,32.0])
(9.0,[35.0,33.0])
(38.0,[17.0,9.0])
(27.0,[58.0,28.0])
(22.0,[72.0,81.0])
(17.0,[33.0,99.0])
(35.0,[24.0,69.0])
(9.0,[41.0,28.0])
(23.0,[18.0,53.0])
(27.0,[62.0,31.0])
(31.0,[27.0,24.0])
(3.0,[55.0,13.0])
(1.0,[21.0,77.0])
(29.0,[14.0,23.0])
(10.0,[0.0,56.0])
(30.0,[2.0,37.0])
(35.0,[19.0,61.0])
(5.0,[36.0,49.0])
(7.0,[94.0,99.0])
(0.0,[89.0,75.0])
(6.0,[71.0,0.0])
(20.0,[58.0,77.0])
(12.0,[1.0,64.0])
(3.0,[61.0,21.0])
(23.0,[16.0,49.0])
(24.0,[65.0,47.0])
(39.0,[72.0,42.0])
(38.0,[16.0,12.0])
(15.0,[39.0,71.0])
(27.0,[63.0,35.0])
(0.0,[83.0,74.0])
(10.0,[1.0,61.0])
(23.0,[11.0,52.0])
(16.0,[22.0,99.0])
(4.0,[41.0,11.0])
(25.0,[84.0,66.0])
(23.0,[19.0,54.0])
(25.0,[71.0,64.0])
(6.0,[80.0,5.0])
(32.0,[17.0,43.0])
(10.0,[0.0,57.0])
(37.0,[78.0,24.0])
(13.0,[0.0,10.0])
(21.0,[45.0,54.0])
(20.0,[49.0,76.0])
(31.0,[33.0,12.0])
(8.0,[0.0,0.0])
(12.0,[8.0,69.0])
(38.0,[11.0,0.0])
(12.0,[8.0,68.0])
(38.0,[18.0,8.0])
(9.0,[49.0,35.0])
(18.0,[85.0,5.0])
(5.0,[31.0,49.0])
(13.0,[6.0,17.0])
(32.0,[27.0,34.0])
(25.0,[81.0,57.0])
(29.0,[18.0,25.0])
(1.0,[26.0,82.0])
(32.0,[14.0,35.0])
(28.0,[45.0,78.0])
(20.0,[46.0,67.0])
(5.0,[35.0,48.0])
(23.0,[18.0,50.0])
(5.0,[32.0,46.0])
(7.0,[92.0,99.0])
(36.0,[8.0,79.0])
(10.0,[10.0,51.0])
(32.0,[16.0,37.0])
(8.0,[0.0,0.0])
(2.0,[0.0,24.0])
(13.0,[0.0,16.0])
(27.0,[66.0,31.0])
(28.0,[37.0,80.0])
(11.0,[0.0,99.0])
(30.0,[0.0,44.0])
(28.0,[42.0,73.0])
(34.0,[99.0,59.0])
(10.0,[0.0,59.0])
(9.0,[41.0,26.0])
(39.0,[80.0,48.0])
(5.0,[26.0,47.0])
(1.0,[30.0,74.0])
(36.0,[8.0,79.0])
(21.0,[45.0,61.0])
(30.0,[6.0,46.0])
(2.0,[6.0,28.0])
(28.0,[41.0,78.0])
(3.0,[51.0,18.0])
(8.0,[4.0,0.0])
(24.0,[64.0,54.0])
(4.0,[39.0,6.0])
(7.0,[99.0,89.0])
(30.0,[0.0,36.0])
(39.0,[77.0,34.0])
(35.0,[19.0,62.0])
(14.0,[41.0,99.0])
(27.0,[54.0,38.0])
(0.0,[88.0,73.0])
(0.0,[99.0,74.0])
(20.0,[58.0,73.0])
(39.0,[79.0,41.0])
(32.0,[19.0,37.0])
(11.0,[3.0,99.0])
(24.0,[59.0,52.0])
(2.0,[3.0,30.0])
(36.0,[10.0,88.0])
(21.0,[53.0,58.0])
(5.0,[35.0,56.0])
(21.0,[44.0,58.0])
(30.0,[0.0,36.0])
(11.0,[6.0,94.0])
(25.0,[68.0,63.0])
(4.0,[37.0,0.0])
(35.0,[22.0,71.0])
(21.0,[49.0,50.0])
(14.0,[46.0,99.0])
(4.0,[41.0,0.0])
(39.0,[69.0,38.0])
(2.0,[6.0,34.0])
(38.0,[22.0,12.0])
(10.0,[0.0,53.0])
(2.0,[10.0,34.0])
(17.0,[22.0,89.0])
(12.0,[7.0,65.0])
(26.0,[92.0,28.0])
(10.0,[0.0,57.0])
(18.0,[99.0,0.0])
(26.0,[99.0,38.0])
(39.0,[73.0,44.0])
(5.0,[37.0,53.0])
(26.0,[93.0,31.0])
(13.0,[0.0,12.0])
(24.0,[61.0,58.0])
(5.0,[30.0,52.0])
(17.0,[33.0,89.0])
(4.0,[41.0,0.0])
(5.0,[33.0,42.0])
(28.0,[37.0,75.0])
(19.0,[51.0,0.0])
(1.0,[27.0,77.0])
(27.0,[63.0,41.0])
(39.0,[69.0,52.0])
(17.0,[27.0,99.0])
(37.0,[73.0,31.0])
(8.0,[4.0,6.0])
(8.0,[2.0,0.0])
(31.0,[33.0,23.0])
(20.0,[55.0,86.0])
(5.0,[36.0,52.0])
(20.0,[49.0,80.0])
(34.0,[99.0,56.0])
(25.0,[77.0,54.0])
(38.0,[14.0,2.0])
(10.0,[0.0,52.0])
(13.0,[0.0,16.0])
(34.0,[93.0,61.0])
(8.0,[0.0,8.0])
(13.0,[6.0,19.0])
(21.0,[42.0,57.0])
(26.0,[92.0,41.0])
(25.0,[80.0,69.0])
(28.0,[42.0,82.0])
(9.0,[49.0,30.0])
(14.0,[40.0,93.0])
(18.0,[90.0,15.0])
(4.0,[27.0,0.0])
(29.0,[23.0,21.0])
(1.0,[18.0,80.0])
(20.0,[58.0,65.0])
(10.0,[6.0,56.0])
(7.0,[99.0,91.0])
(27.0,[68.0,35.0])
(9.0,[40.0,26.0])
(24.0,[65.0,56.0])
(0.0,[96.0,68.0])
(14.0,[38.0,99.0])
(10.0,[0.0,58.0])
(17.0,[26.0,89.0])
(16.0,[12.0,99.0])
(25.0,[73.0,55.0])
(4.0,[33.0,0.0])
(8.0,[0.0,0.0])
(3.0,[61.0,18.0])
(11.0,[0.0,99.0])
(10.0,[0.0,55.0])
(34.0,[90.0,57.0])
(37.0,[81.0,22.0])
(39.0,[67.0,41.0])
(15.0,[38.0,59.0])
(32.0,[12.0,36.0])
(21.0,[46.0,65.0])
(1.0,[24.0,82.0])
(17.0,[30.0,99.0])
(21.0,[43.0,61.0])
(30.0,[0.0,41.0])
(38.0,[17.0,5.0])
(25.0,[73.0,58.0])
(19.0,[61.0,0.0])
(3.0,[57.0,24.0])
(20.0,[57.0,64.0])
(4.0,[42.0,0.0])
(10.0,[3.0,59.0])
(24.0,[53.0,57.0])
(19.0,[58.0,0.0])
(37.0,[70.0,25.0])
(24.0,[53.0,50.0])
(11.0,[7.0,99.0])
(0.0,[90.0,77.0])
(25.0,[82.0,59.0])
(16.0,[12.0,99.0])
(16.0,[21.0,89.0])
(12.0,[0.0,70.0])
(34.0,[99.0,62.0])
(24.0,[53.0,51.0])
(2.0,[6.0,24.0])
(5.0,[31.0,48.0])
(24.0,[59.0,55.0])
(26.0,[99.0,28.0])
(24.0,[57.0,61.0])
(8.0,[0.0,6.0])
(20.0,[54.0,81.0])
(26.0,[97.0,33.0])
(36.0,[15.0,84.0])
(19.0,[57.0,0.0])
(18.0,[83.0,13.0])
(21.0,[47.0,50.0])
(21.0,[45.0,50.0])
(33.0,[81.0,93.0])
(35.0,[14.0,63.0])
(21.0,[43.0,57.0])
(37.0,[80.0,14.0])
(4.0,[29.0,6.0])
(31.0,[26.0,13.0])
(26.0,[99.0,35.0])
(11.0,[7.0,92.0])
(6.0,[75.0,5.0])
(30.0,[10.0,43.0])
(2.0,[0.0,32.0])
(2.0,[6.0,26.0])
(14.0,[38.0,96.0])
(7.0,[99.0,99.0])
(13.0,[9.0,14.0])
(32.0,[25.0,44.0])
(6.0,[74.0,1.0])
(32.0,[25.0,28.0])
(28.0,[43.0,86.0])
(33.0,[67.0,92.0])
(3.0,[49.0,26.0])
(20.0,[48.0,79.0])
(29.0,[16.0,21.0])
(7.0,[99.0,99.0])
(38.0,[25.0,0.0])
(28.0,[47.0,80.0])
(38.0,[12.0,2.0])
(35.0,[22.0,61.0])
(1.0,[25.0,77.0])
(21.0,[52.0,63.0])
(28.0,[33.0,86.0])
(33.0,[63.0,99.0])
(17.0,[36.0,99.0])
(14.0,[42.0,99.0])
(3.0,[51.0,25.0])
(34.0,[86.0,58.0])
(1.0,[31.0,80.0])
(30.0,[0.0,36.0])
(33.0,[64.0,99.0])
(14.0,[39.0,99.0])
(5.0,[31.0,50.0])
(1.0,[22.0,78.0])
(38.0,[15.0,0.0])
(21.0,[50.0,55.0])
(5.0,[36.0,48.0])
(31.0,[40.0,21.0])
(20.0,[55.0,64.0])
(20.0,[57.0,75.0])
(9.0,[35.0,27.0])
(6.0,[80.0,0.0])
(38.0,[15.0,0.0])
(15.0,[29.0,69.0])
(9.0,[38.0,37.0])
(24.0,[58.0,49.0])
(38.0,[15.0,0.0])
(13.0,[7.0,15.0])
(2.0,[9.0,28.0])
(26.0,[99.0,33.0])
(11.0,[6.0,99.0])
(24.0,[66.0,58.0])
(8.0,[0.0,0.0])
(21.0,[45.0,65.0])
(21.0,[50.0,55.0])
(25.0,[76.0,71.0])
(4.0,[37.0,0.0])
(6.0,[82.0,0.0])
(32.0,[21.0,31.0])
(12.0,[5.0,65.0])
(35.0,[24.0,70.0])
(23.0,[15.0,51.0])
(4.0,[39.0,0.0])
(27.0,[65.0,37.0])
(1.0,[26.0,84.0])
(13.0,[0.0,18.0])
(38.0,[12.0,0.0])
(32.0,[14.0,35.0])
(21.0,[48.0,58.0])
(37.0,[70.0,26.0])
(20.0,[50.0,66.0])
(17.0,[29.0,99.0])
(1.0,[33.0,77.0])
(4.0,[33.0,6.0])
(32.0,[20.0,36.0])
(9.0,[47.0,35.0])
(17.0,[31.0,88.0])
(12.0,[0.0,72.0])
(1.0,[27.0,75.0])
(39.0,[71.0,35.0])
(20.0,[55.0,79.0])
(25.0,[78.0,63.0])
(23.0,[14.0,48.0])
(24.0,[57.0,51.0])
(21.0,[46.0,60.0])
(14.0,[42.0,93.0])
(28.0,[44.0,88.0])
(16.0,[15.0,99.0])
(3.0,[49.0,18.0])
(32.0,[19.0,33.0])
(15.0,[31.0,61.0])
(0.0,[79.0,73.0])
(27.0,[59.0,31.0])
(25.0,[67.0,61.0])
(21.0,[50.0,60.0])
(3.0,[61.0,22.0])
(21.0,[46.0,57.0])
(35.0,[20.0,63.0])
(13.0,[0.0,10.0])
(8.0,[0.0,0.0])
(28.0,[33.0,80.0])
(8.0,[0.0,7.0])
(33.0,[57.0,99.0])
(12.0,[0.0,64.0])
(13.0,[0.0,9.0])
(19.0,[61.0,0.0])
(9.0,[39.0,32.0])
(20.0,[51.0,66.0])
(8.0,[0.0,0.0])
(25.0,[71.0,58.0])
(9.0,[41.0,27.0])
(27.0,[52.0,40.0])
(10.0,[8.0,53.0])
(24.0,[51.0,52.0])
(8.0,[0.0,0.0])
(16.0,[9.0,99.0])
(12.0,[0.0,77.0])
(23.0,[23.0,53.0])
(31.0,[28.0,17.0])
(39.0,[74.0,48.0])
(10.0,[0.0,57.0])
(16.0,[16.0,99.0])
(10.0,[0.0,51.0])
(7.0,[99.0,87.0])
(35.0,[23.0,65.0])
(28.0,[42.0,72.0])
(21.0,[45.0,60.0])
(11.0,[0.0,99.0])
(36.0,[0.0,85.0])
(15.0,[27.0,68.0])
(7.0,[99.0,89.0])
(18.0,[82.0,14.0])
(36.0,[13.0,80.0])
(23.0,[17.0,54.0])
(32.0,[26.0,33.0])
(21.0,[44.0,65.0])
(12.0,[6.0,70.0])
(10.0,[10.0,51.0])
(37.0,[76.0,17.0])
(22.0,[75.0,82.0])
(32.0,[22.0,30.0])
(34.0,[86.0,61.0])
(5.0,[31.0,57.0])
(34.0,[91.0,60.0])
(35.0,[21.0,61.0])
(21.0,[43.0,65.0])
(25.0,[76.0,61.0])
(8.0,[0.0,0.0])
(5.0,[37.0,52.0])
(10.0,[5.0,58.0])
(23.0,[18.0,48.0])
(19.0,[65.0,7.0])
(9.0,[34.0,32.0])
(27.0,[57.0,33.0])
(13.0,[0.0,10.0])
(24.0,[52.0,48.0])
(34.0,[99.0,57.0])
(2.0,[6.0,27.0])
(11.0,[2.0,99.0])
(32.0,[26.0,38.0])
(6.0,[70.0,8.0])
(16.0,[16.0,99.0])
(30.0,[0.0,38.0])
(0.0,[96.0,73.0])
(34.0,[99.0,55.0])
(2.0,[4.0,34.0])
(18.0,[86.0,9.0])
(17.0,[36.0,99.0])
(39.0,[68.0,48.0])
(15.0,[38.0,69.0])
(6.0,[83.0,0.0])
(34.0,[99.0,58.0])
(19.0,[51.0,4.0])
(23.0,[19.0,53.0])
(32.0,[25.0,38.0])
(37.0,[77.0,21.0])
(35.0,[18.0,68.0])
(1.0,[28.0,81.0])
(12.0,[8.0,74.0])
(13.0,[0.0,14.0])
(3.0,[57.0,14.0])
(27.0,[61.0,27.0])
(23.0,[16.0,54.0])
(4.0,[31.0,5.0])
(31.0,[26.0,27.0])
(2.0,[9.0,33.0])
(23.0,[19.0,46.0])
(4.0,[42.0,0.0])
(35.0,[21.0,68.0])
(9.0,[32.0,31.0])
(37.0,[82.0,15.0])
(33.0,[72.0,99.0])
(27.0,[61.0,27.0])
(39.0,[77.0,35.0])
(5.0,[34.0,57.0])
(13.0,[11.0,12.0])
(11.0,[2.0,99.0])
(0.0,[86.0,73.0])
(2.0,[0.0,29.0])
(4.0,[40.0,0.0])
(1.0,[32.0,82.0])
(2.0,[0.0,26.0])
(39.0,[70.0,51.0])
(15.0,[25.0,64.0])
(26.0,[99.0,27.0])
(30.0,[2.0,45.0])
(24.0,[55.0,53.0])
(34.0,[99.0,49.0])
(24.0,[52.0,52.0])
(12.0,[7.0,66.0])
(21.0,[45.0,65.0])
(5.0,[35.0,48.0])
(17.0,[34.0,99.0])
(14.0,[43.0,91.0])
(2.0,[12.0,30.0])
(1.0,[25.0,75.0])
(20.0,[56.0,68.0])
(22.0,[69.0,73.0])
(23.0,[19.0,54.0])
(18.0,[83.0,13.0])
(14.0,[39.0,92.0])
(1.0,[25.0,85.0])
(31.0,[36.0,15.0])
(13.0,[7.0,20.0])
(13.0,[0.0,16.0])
(23.0,[18.0,51.0])
(36.0,[0.0,79.0])
(17.0,[27.0,96.0])
(3.0,[54.0,16.0])
(0.0,[90.0,80.0])
(31.0,[24.0,19.0])
(9.0,[49.0,38.0])
(5.0,[27.0,45.0])
(16.0,[11.0,99.0])
(20.0,[52.0,81.0])
(11.0,[5.0,96.0])
(7.0,[88.0,99.0])
(12.0,[10.0,65.0])
(13.0,[8.0,13.0])
(13.0,[0.0,15.0])
(20.0,[62.0,74.0])
(1.0,[32.0,77.0])
(3.0,[60.0,16.0])
(23.0,[20.0,55.0])
(37.0,[69.0,26.0])
(30.0,[3.0,45.0])
(24.0,[54.0,54.0])
(9.0,[43.0,39.0])
(6.0,[70.0,0.0])
(23.0,[23.0,50.0])
(8.0,[2.0,0.0])
(29.0,[14.0,25.0])
(12.0,[7.0,66.0])
(0.0,[85.0,82.0])
(19.0,[56.0,4.0])
(21.0,[47.0,56.0])
(23.0,[22.0,53.0])
(10.0,[5.0,60.0])
(21.0,[47.0,54.0])
(3.0,[44.0,12.0])
(8.0,[0.0,6.0])
(13.0,[8.0,20.0])
(2.0,[9.0,35.0])
(1.0,[21.0,88.0])
(24.0,[63.0,58.0])
(20.0,[59.0,67.0])
(22.0,[60.0,85.0])
(27.0,[57.0,38.0])
(4.0,[39.0,0.0])
(35.0,[19.0,72.0])
(12.0,[0.0,71.0])
(35.0,[12.0,61.0])
(37.0,[76.0,24.0])
(20.0,[53.0,64.0])
(23.0,[24.0,50.0])
(27.0,[55.0,35.0])
(5.0,[32.0,48.0])
(2.0,[0.0,34.0])
(5.0,[30.0,47.0])
(33.0,[82.0,99.0])
(8.0,[0.0,0.0])
(33.0,[64.0,99.0])
(5.0,[33.0,46.0])
(9.0,[44.0,27.0])
(33.0,[64.0,99.0])
(8.0,[4.0,6.0])
(5.0,[31.0,50.0])
(25.0,[80.0,58.0])
(15.0,[40.0,67.0])
(38.0,[15.0,12.0])
(25.0,[78.0,64.0])
(35.0,[13.0,65.0])
(20.0,[54.0,74.0])
(11.0,[0.0,90.0])
(28.0,[50.0,86.0])
(15.0,[29.0,64.0])
(14.0,[44.0,98.0])
(22.0,[73.0,80.0])
(5.0,[37.0,43.0])
(13.0,[0.0,20.0])
(22.0,[77.0,81.0])
(13.0,[0.0,14.0])
(36.0,[10.0,83.0])
(17.0,[31.0,90.0])
(29.0,[15.0,13.0])
(23.0,[18.0,45.0])
(5.0,[29.0,43.0])
(15.0,[28.0,66.0])
(10.0,[0.0,62.0])
(32.0,[25.0,35.0])
(38.0,[14.0,11.0])
(8.0,[10.0,0.0])
(25.0,[82.0,58.0])
(6.0,[72.0,9.0])
(10.0,[0.0,61.0])
(14.0,[40.0,99.0])
(12.0,[0.0,69.0])
(35.0,[21.0,64.0])
(22.0,[71.0,88.0])
(20.0,[49.0,68.0])
(21.0,[47.0,58.0])
(16.0,[10.0,99.0])
(3.0,[59.0,22.0])
(36.0,[12.0,83.0])
(27.0,[58.0,38.0])
(24.0,[66.0,58.0])
(10.0,[3.0,57.0])
(15.0,[39.0,69.0])
(26.0,[86.0,35.0])
(22.0,[67.0,81.0])
(5.0,[41.0,47.0])
(23.0,[23.0,51.0])
(10.0,[10.0,52.0])
(6.0,[79.0,8.0])
(37.0,[73.0,20.0])
(15.0,[32.0,68.0])
(20.0,[55.0,74.0])
(0.0,[92.0,81.0])
(30.0,[2.0,41.0])
(12.0,[9.0,74.0])
(5.0,[30.0,51.0])
(26.0,[99.0,35.0])
(10.0,[10.0,54.0])
(29.0,[18.0,23.0])
(23.0,[20.0,58.0])
(22.0,[79.0,89.0])
(9.0,[30.0,36.0])
(4.0,[42.0,0.0])
(24.0,[64.0,47.0])
(15.0,[30.0,64.0])
(10.0,[0.0,53.0])
(36.0,[0.0,80.0])
(35.0,[13.0,74.0])
(17.0,[36.0,99.0])
(14.0,[43.0,99.0])
(29.0,[11.0,15.0])
(31.0,[30.0,23.0])
(8.0,[0.0,0.0])
(31.0,[42.0,19.0])
(2.0,[10.0,36.0])
(5.0,[28.0,45.0])
(16.0,[12.0,97.0])
(28.0,[47.0,81.0])
(32.0,[19.0,40.0])
(12.0,[0.0,64.0])
(23.0,[17.0,48.0])
(39.0,[68.0,49.0])
(4.0,[41.0,0.0])
(8.0,[0.0,0.0])
(32.0,[23.0,35.0])
(25.0,[74.0,67.0])
(27.0,[62.0,23.0])
(1.0,[31.0,75.0])
(37.0,[65.0,20.0])
(38.0,[24.0,5.0])
(29.0,[18.0,23.0])
(14.0,[45.0,92.0])
(27.0,[61.0,28.0])
(15.0,[38.0,66.0])
(10.0,[0.0,59.0])
(31.0,[28.0,22.0])
(11.0,[0.0,99.0])
(39.0,[66.0,39.0])
(23.0,[26.0,57.0])
(37.0,[71.0,18.0])
(11.0,[7.0,98.0])
(8.0,[0.0,0.0])
(39.0,[74.0,46.0])
(33.0,[80.0,96.0])
(25.0,[72.0,57.0])
(20.0,[44.0,69.0])
(32.0,[28.0,34.0])
(20.0,[51.0,69.0])
(36.0,[16.0,86.0])
(37.0,[75.0,31.0])
(17.0,[28.0,87.0])
(12.0,[6.0,72.0])
(7.0,[99.0,94.0])
(3.0,[52.0,25.0])
(17.0,[34.0,99.0])
(27.0,[53.0,28.0])
(13.0,[0.0,17.0])
(15.0,[33.0,63.0])
(4.0,[36.0,0.0])
(4.0,[42.0,0.0])
(36.0,[0.0,83.0])
(13.0,[0.0,22.0])
(11.0,[3.0,98.0])
(25.0,[73.0,59.0])
(19.0,[47.0,0.0])
(22.0,[61.0,79.0])
(20.0,[55.0,68.0])
(28.0,[32.0,86.0])
(2.0,[7.0,35.0])
(8.0,[0.0,8.0])
(36.0,[9.0,87.0])
(35.0,[17.0,68.0])
(22.0,[74.0,76.0])
(31.0,[34.0,14.0])
(31.0,[34.0,21.0])
(26.0,[99.0,43.0])
(27.0,[51.0,34.0])
(21.0,[47.0,61.0])
(5.0,[35.0,51.0])
(13.0,[1.0,22.0])
(36.0,[3.0,86.0])
(23.0,[16.0,53.0])
(28.0,[36.0,82.0])
(19.0,[46.0,0.0])
(21.0,[49.0,65.0])
(2.0,[3.0,30.0])
(2.0,[10.0,33.0])
(14.0,[44.0,99.0])
(25.0,[76.0,65.0])
(12.0,[0.0,69.0])
(22.0,[74.0,78.0])
(16.0,[10.0,99.0])
(24.0,[58.0,47.0])
(11.0,[0.0,87.0])
(29.0,[9.0,23.0])
(3.0,[51.0,19.0])
(36.0,[19.0,87.0])
(14.0,[51.0,96.0])
(15.0,[25.0,61.0])
(22.0,[65.0,70.0])
(5.0,[30.0,51.0])
(17.0,[22.0,90.0])
(12.0,[0.0,69.0])
(7.0,[99.0,99.0])
(17.0,[32.0,88.0])
(2.0,[0.0,26.0])
(7.0,[90.0,85.0])
(30.0,[3.0,38.0])
(10.0,[0.0,53.0])
(23.0,[20.0,56.0])
(13.0,[0.0,13.0])
(37.0,[71.0,12.0])
(30.0,[3.0,38.0])
(5.0,[30.0,55.0])
(5.0,[37.0,57.0])
(25.0,[71.0,62.0])
(22.0,[71.0,82.0])
(12.0,[5.0,73.0])
(25.0,[81.0,65.0])
(1.0,[26.0,77.0])
(11.0,[0.0,99.0])
(2.0,[5.0,34.0])
(11.0,[1.0,99.0])
(24.0,[57.0,58.0])
(25.0,[81.0,52.0])
(32.0,[12.0,33.0])
(38.0,[23.0,11.0])
(20.0,[48.0,69.0])
(18.0,[97.0,1.0])
(1.0,[24.0,77.0])
(21.0,[50.0,59.0])
(20.0,[55.0,68.0])
(27.0,[58.0,33.0])
(35.0,[16.0,70.0])
(9.0,[35.0,29.0])
(9.0,[37.0,33.0])
(23.0,[18.0,45.0])
(35.0,[11.0,64.0])
(1.0,[29.0,82.0])
(27.0,[56.0,35.0])
(31.0,[40.0,13.0])
(35.0,[11.0,62.0])
(18.0,[99.0,11.0])
(2.0,[0.0,29.0])
(39.0,[68.0,42.0])
(12.0,[5.0,65.0])
(36.0,[10.0,77.0])
(13.0,[0.0,12.0])
(2.0,[4.0,26.0])
(8.0,[0.0,5.0])
(31.0,[29.0,26.0])
(2.0,[0.0,25.0])
(24.0,[68.0,53.0])
(32.0,[24.0,30.0])
(24.0,[62.0,62.0])
(7.0,[99.0,92.0])
(37.0,[78.0,20.0])
(29.0,[15.0,23.0])
(7.0,[99.0,99.0])
(28.0,[42.0,87.0])
(7.0,[85.0,99.0])
(3.0,[49.0,10.0])
(34.0,[89.0,61.0])
(4.0,[31.0,0.0])
(17.0,[36.0,92.0])
(4.0,[43.0,11.0])
(21.0,[44.0,56.0])
(23.0,[13.0,57.0])
(30.0,[0.0,43.0])
(26.0,[99.0,32.0])
(17.0,[24.0,99.0])
(27.0,[61.0,34.0])
(10.0,[8.0,57.0])
(13.0,[1.0,11.0])
(28.0,[32.0,85.0])
(22.0,[78.0,83.0])
(21.0,[50.0,57.0])
(26.0,[94.0,28.0])
(22.0,[58.0,84.0])
(29.0,[13.0,20.0])
(32.0,[26.0,42.0])
(7.0,[93.0,94.0])
(12.0,[9.0,63.0])
(13.0,[6.0,19.0])
(0.0,[90.0,67.0])
(2.0,[9.0,28.0])
(23.0,[18.0,51.0])
(7.0,[99.0,92.0])
(33.0,[63.0,99.0])
(18.0,[85.0,9.0])
(4.0,[31.0,1.0])
(30.0,[0.0,39.0])
(7.0,[99.0,99.0])
(28.0,[42.0,89.0])
(21.0,[43.0,61.0])
(5.0,[26.0,46.0])
(8.0,[5.0,0.0])
(1.0,[30.0,86.0])
(1.0,[24.0,78.0])
(3.0,[59.0,22.0])
(26.0,[99.0,36.0])
(21.0,[52.0,62.0])
(16.0,[11.0,95.0])
(29.0,[15.0,23.0])
(36.0,[17.0,82.0])
(16.0,[18.0,99.0])
(1.0,[24.0,71.0])
(9.0,[40.0,32.0])
(26.0,[99.0,32.0])
(18.0,[85.0,15.0])
(15.0,[25.0,62.0])
(26.0,[89.0,25.0])
(32.0,[18.0,38.0])
(15.0,[41.0,66.0])
(16.0,[11.0,99.0])
(12.0,[3.0,70.0])
(22.0,[66.0,87.0])
(19.0,[58.0,0.0])
(23.0,[14.0,53.0])
(34.0,[93.0,64.0])
(30.0,[2.0,48.0])
(37.0,[71.0,24.0])
(28.0,[38.0,82.0])
(25.0,[79.0,66.0])
(31.0,[40.0,14.0])
(3.0,[46.0,9.0])
(35.0,[22.0,64.0])
(12.0,[0.0,68.0])
(32.0,[28.0,40.0])
(35.0,[25.0,66.0])
(19.0,[61.0,9.0])
(15.0,[36.0,71.0])
(29.0,[9.0,18.0])
(34.0,[93.0,59.0])
(4.0,[31.0,7.0])
(28.0,[42.0,73.0])
(39.0,[67.0,46.0])
(0.0,[87.0,78.0])
(2.0,[1.0,24.0])
(26.0,[98.0,33.0])
(5.0,[30.0,49.0])
(5.0,[29.0,49.0])
(20.0,[57.0,75.0])
(6.0,[72.0,0.0])
(32.0,[21.0,43.0])
(7.0,[99.0,99.0])
(11.0,[1.0,99.0])
(11.0,[0.0,86.0])
(3.0,[55.0,23.0])
(30.0,[6.0,43.0])
(20.0,[54.0,75.0])
(13.0,[0.0,22.0])
(13.0,[2.0,16.0])
(32.0,[21.0,40.0])
(25.0,[78.0,73.0])
(10.0,[0.0,59.0])
(2.0,[4.0,32.0])
(38.0,[12.0,2.0])
(32.0,[19.0,34.0])
(22.0,[64.0,84.0])
(23.0,[24.0,51.0])
(29.0,[21.0,23.0])
(35.0,[13.0,74.0])
(10.0,[7.0,62.0])
(1.0,[28.0,75.0])
(12.0,[5.0,75.0])
(2.0,[3.0,29.0])
(1.0,[25.0,81.0])
(27.0,[60.0,41.0])
(33.0,[80.0,99.0])
(28.0,[41.0,83.0])
(12.0,[7.0,74.0])
(29.0,[14.0,13.0])
(23.0,[21.0,49.0])
(24.0,[57.0,49.0])
(2.0,[0.0,31.0])
(1.0,[28.0,77.0])
(28.0,[44.0,77.0])
(21.0,[46.0,57.0])
(36.0,[9.0,89.0])
(17.0,[30.0,99.0])
(2.0,[0.0,30.0])
(29.0,[9.0,24.0])
(25.0,[73.0,56.0])
(22.0,[69.0,81.0])
(35.0,[14.0,74.0])
(27.0,[68.0,30.0])
(29.0,[22.0,24.0])
(23.0,[19.0,53.0])
(16.0,[10.0,99.0])
(15.0,[30.0,61.0])
(31.0,[35.0,20.0])
(15.0,[40.0,66.0])
(34.0,[88.0,60.0])
(15.0,[28.0,62.0])
(36.0,[10.0,76.0])
(9.0,[31.0,33.0])
(11.0,[0.0,94.0])
(14.0,[41.0,99.0])
(23.0,[19.0,51.0])
(16.0,[20.0,99.0])
(1.0,[31.0,76.0])
(27.0,[67.0,33.0])
(32.0,[27.0,37.0])
(30.0,[0.0,39.0])
(7.0,[99.0,84.0])
(35.0,[21.0,71.0])
(30.0,[0.0,42.0])
(22.0,[75.0,76.0])
(1.0,[31.0,83.0])
(13.0,[0.0,16.0])
(28.0,[41.0,88.0])
(23.0,[15.0,54.0])
(1.0,[22.0,74.0])
(1.0,[25.0,70.0])
(8.0,[8.0,0.0])
(12.0,[8.0,67.0])
(6.0,[86.0,0.0])
(39.0,[80.0,33.0])
(2.0,[0.0,31.0])
(5.0,[37.0,54.0])
(32.0,[13.0,32.0])
(17.0,[35.0,99.0])
(23.0,[17.0,47.0])
(14.0,[39.0,93.0])
(4.0,[40.0,10.0])
(0.0,[86.0,84.0])
(29.0,[21.0,18.0])
(21.0,[52.0,62.0])
(18.0,[94.0,15.0])
(1.0,[29.0,76.0])
(26.0,[99.0,36.0])
(34.0,[99.0,51.0])
(38.0,[25.0,8.0])
(30.0,[0.0,48.0])
(7.0,[96.0,97.0])
(25.0,[80.0,58.0])
(20.0,[43.0,70.0])
(4.0,[36.0,7.0])
(25.0,[68.0,66.0])
(2.0,[0.0,30.0])
(0.0,[95.0,71.0])
(23.0,[20.0,47.0])
(34.0,[99.0,53.0])
(26.0,[99.0,27.0])
(5.0,[32.0,51.0])
(32.0,[22.0,43.0])
(35.0,[13.0,68.0])
(8.0,[0.0,0.0])
(33.0,[70.0,92.0])
(28.0,[42.0,73.0])
(16.0,[17.0,91.0])
(16.0,[9.0,99.0])
(22.0,[65.0,75.0])
(27.0,[67.0,33.0])
(25.0,[79.0,57.0])
(38.0,[13.0,0.0])
(24.0,[60.0,48.0])
(25.0,[75.0,71.0])
(9.0,[30.0,31.0])
(13.0,[6.0,19.0])
(0.0,[87.0,80.0])
(0.0,[94.0,78.0])
(27.0,[67.0,29.0])
(1.0,[30.0,77.0])
(8.0,[0.0,0.0])
(30.0,[0.0,40.0])
(22.0,[71.0,84.0])
(1.0,[30.0,73.0])
(25.0,[75.0,53.0])
(1.0,[21.0,78.0])
(1.0,[24.0,74.0])
(29.0,[13.0,25.0])
(21.0,[43.0,50.0])
(35.0,[14.0,66.0])
(26.0,[99.0,24.0])
(36.0,[8.0,80.0])
(20.0,[48.0,72.0])
(32.0,[11.0,36.0])
(36.0,[11.0,89.0])
(19.0,[50.0,1.0])
(18.0,[99.0,13.0])
(22.0,[71.0,85.0])
(3.0,[59.0,21.0])
(4.0,[44.0,0.0])
(16.0,[12.0,95.0])
(28.0,[51.0,86.0])
(21.0,[45.0,53.0])
(38.0,[17.0,0.0])
(9.0,[47.0,35.0])
(30.0,[1.0,49.0])
(25.0,[64.0,64.0])
(6.0,[71.0,1.0])
(30.0,[0.0,46.0])
(32.0,[23.0,43.0])
(8.0,[4.0,0.0])
(32.0,[15.0,38.0])
(32.0,[24.0,41.0])
(38.0,[14.0,0.0])
(32.0,[23.0,39.0])
(14.0,[42.0,93.0])
(15.0,[31.0,61.0])
(4.0,[43.0,0.0])
(12.0,[7.0,64.0])
(20.0,[63.0,66.0])
(34.0,[88.0,58.0])
(36.0,[7.0,82.0])
(14.0,[44.0,90.0])
(7.0,[99.0,88.0])
(21.0,[46.0,54.0])
(16.0,[10.0,99.0])
(9.0,[47.0,30.0])
(5.0,[32.0,41.0])
(13.0,[10.0,14.0])
(20.0,[59.0,65.0])
(30.0,[0.0,41.0])
(37.0,[66.0,20.0])
(33.0,[64.0,99.0])
(38.0,[18.0,11.0])
(5.0,[39.0,49.0])
(23.0,[13.0,59.0])
(32.0,[14.0,34.0])
(36.0,[17.0,83.0])
(35.0,[11.0,71.0])
(35.0,[21.0,66.0])
(32.0,[20.0,39.0])
(1.0,[29.0,76.0])
(22.0,[71.0,80.0])
(31.0,[32.0,25.0])
(2.0,[7.0,26.0])
(23.0,[20.0,44.0])
(21.0,[42.0,56.0])
(6.0,[83.0,0.0])
(22.0,[80.0,87.0])
(14.0,[48.0,92.0])
(21.0,[45.0,64.0])
(22.0,[59.0,82.0])
(5.0,[41.0,43.0])
(2.0,[7.0,34.0])
(2.0,[0.0,35.0])
(29.0,[22.0,14.0])
(11.0,[0.0,99.0])
(5.0,[32.0,48.0])
(1.0,[28.0,85.0])
(20.0,[49.0,71.0])
(2.0,[0.0,33.0])
(14.0,[39.0,98.0])
(20.0,[62.0,74.0])
(23.0,[20.0,53.0])
(26.0,[96.0,23.0])
(11.0,[5.0,99.0])
(28.0,[34.0,87.0])
(7.0,[99.0,99.0])
(25.0,[70.0,63.0])
(15.0,[30.0,64.0])
(1.0,[26.0,73.0])
(24.0,[64.0,62.0])
(39.0,[72.0,43.0])
(39.0,[72.0,45.0])
(8.0,[4.0,0.0])
(32.0,[19.0,31.0])
(4.0,[35.0,9.0])
(2.0,[10.0,29.0])
(33.0,[76.0,99.0])
(4.0,[34.0,7.0])
(24.0,[62.0,46.0])
(16.0,[11.0,99.0])
(9.0,[42.0,34.0])
(17.0,[29.0,99.0])
(16.0,[12.0,99.0])
(32.0,[15.0,43.0])
(23.0,[16.0,49.0])
(8.0,[0.0,0.0])
(35.0,[14.0,70.0])
(23.0,[17.0,54.0])
(13.0,[0.0,15.0])
(1.0,[21.0,74.0])
(23.0,[20.0,55.0])
(9.0,[33.0,29.0])
(3.0,[57.0,23.0])
(25.0,[77.0,69.0])
(36.0,[13.0,76.0])
(27.0,[64.0,32.0])
(1.0,[23.0,77.0])
(23.0,[21.0,53.0])
(17.0,[36.0,99.0])
(2.0,[2.0,30.0])
(1.0,[25.0,75.0])
(15.0,[30.0,64.0])
(29.0,[12.0,15.0])
(20.0,[56.0,77.0])
(39.0,[79.0,44.0])
(38.0,[13.0,11.0])
(22.0,[67.0,74.0])
(9.0,[39.0,31.0])
(5.0,[28.0,56.0])
(33.0,[63.0,99.0])
(38.0,[18.0,0.0])
(6.0,[79.0,0.0])
(21.0,[55.0,62.0])
(21.0,[43.0,55.0])
(1.0,[31.0,73.0])
(9.0,[37.0,33.0])
(3.0,[45.0,11.0])
(26.0,[97.0,24.0])
(23.0,[17.0,50.0])
(28.0,[42.0,80.0])
(10.0,[2.0,54.0])
(32.0,[20.0,36.0])
(15.0,[42.0,66.0])
(36.0,[4.0,82.0])
(26.0,[94.0,31.0])
(1.0,[29.0,84.0])
(33.0,[67.0,99.0])
(25.0,[80.0,69.0])
(5.0,[37.0,50.0])
(1.0,[21.0,85.0])
(16.0,[13.0,99.0])
(12.0,[0.0,70.0])
(16.0,[21.0,99.0])
(12.0,[3.0,67.0])
(36.0,[14.0,89.0])
(19.0,[59.0,8.0])
(30.0,[0.0,44.0])
(32.0,[23.0,28.0])
(16.0,[16.0,99.0])
(31.0,[25.0,18.0])
(21.0,[48.0,57.0])
(7.0,[99.0,93.0])
(15.0,[27.0,65.0])
(31.0,[29.0,17.0])
(35.0,[18.0,69.0])
(32.0,[28.0,30.0])
(32.0,[17.0,38.0])
(27.0,[66.0,37.0])
(32.0,[27.0,33.0])
(31.0,[32.0,25.0])
(10.0,[1.0,57.0])
(28.0,[39.0,82.0])
(17.0,[36.0,99.0])
(8.0,[9.0,1.0])
(9.0,[40.0,27.0])
(9.0,[41.0,37.0])
(9.0,[41.0,33.0])
(25.0,[76.0,55.0])
(3.0,[62.0,14.0])
(38.0,[14.0,11.0])
(25.0,[75.0,65.0])
(1.0,[31.0,76.0])
(16.0,[22.0,99.0])
(32.0,[29.0,33.0])
(3.0,[56.0,22.0])
(0.0,[81.0,72.0])
(21.0,[53.0,62.0])
(20.0,[54.0,69.0])
(35.0,[19.0,73.0])
(21.0,[44.0,60.0])
(25.0,[71.0,62.0])
(23.0,[19.0,51.0])
(9.0,[37.0,39.0])
(22.0,[75.0,77.0])
(11.0,[4.0,94.0])
(35.0,[13.0,66.0])
(19.0,[61.0,2.0])
(25.0,[82.0,55.0])
(32.0,[26.0,32.0])
(8.0,[0.0,0.0])
(35.0,[16.0,75.0])
(23.0,[19.0,52.0])
(39.0,[78.0,42.0])
(31.0,[38.0,13.0])
(13.0,[9.0,14.0])
(9.0,[45.0,33.0])
(1.0,[21.0,74.0])
(23.0,[19.0,59.0])
(23.0,[20.0,48.0])
(21.0,[40.0,56.0])
(21.0,[47.0,53.0])
(25.0,[84.0,60.0])
(26.0,[93.0,40.0])
(2.0,[0.0,27.0])
(28.0,[39.0,86.0])
(13.0,[8.0,11.0])
(19.0,[51.0,0.0])
(38.0,[25.0,0.0])
(16.0,[15.0,99.0])
(29.0,[18.0,28.0])
(0.0,[99.0,73.0])
(23.0,[17.0,51.0])
(9.0,[42.0,31.0])
(1.0,[29.0,84.0])
(16.0,[23.0,99.0])
(27.0,[59.0,37.0])
(27.0,[52.0,32.0])
(35.0,[11.0,63.0])
(20.0,[53.0,65.0])
(32.0,[16.0,37.0])
(31.0,[37.0,20.0])
(2.0,[0.0,24.0])
(5.0,[36.0,49.0])
(38.0,[12.0,8.0])
(19.0,[60.0,8.0])
(25.0,[78.0,55.0])
(26.0,[99.0,35.0])
(28.0,[44.0,85.0])
(32.0,[18.0,31.0])
(5.0,[28.0,47.0])
(22.0,[80.0,85.0])
(30.0,[2.0,49.0])
(21.0,[43.0,63.0])
(10.0,[0.0,57.0])
(16.0,[10.0,99.0])
(19.0,[63.0,8.0])
(10.0,[3.0,50.0])
(32.0,[20.0,31.0])
(22.0,[66.0,75.0])
(36.0,[11.0,85.0])
(23.0,[19.0,58.0])
(5.0,[30.0,57.0])
(30.0,[0.0,40.0])
(7.0,[99.0,84.0])
(28.0,[37.0,90.0])
(35.0,[17.0,66.0])
(5.0,[37.0,53.0])
(14.0,[52.0,99.0])
(1.0,[29.0,72.0])
(22.0,[76.0,89.0])
(25.0,[69.0,65.0])
(19.0,[61.0,0.0])
(4.0,[27.0,0.0])
(37.0,[65.0,21.0])
(23.0,[13.0,52.0])
(16.0,[10.0,95.0])
(12.0,[1.0,65.0])
(17.0,[27.0,94.0])
(28.0,[37.0,84.0])
(26.0,[92.0,25.0])
(32.0,[29.0,36.0])
(0.0,[80.0,78.0])
(9.0,[33.0,35.0])
(0.0,[93.0,78.0])
(36.0,[6.0,80.0])
(13.0,[9.0,14.0])
(12.0,[2.0,63.0])
(32.0,[18.0,32.0])
(10.0,[9.0,57.0])
(33.0,[74.0,95.0])
(12.0,[9.0,67.0])
(2.0,[0.0,29.0])
(2.0,[10.0,27.0])
(6.0,[68.0,0.0])
(25.0,[81.0,70.0])
(12.0,[4.0,73.0])
(18.0,[99.0,0.0])
(28.0,[41.0,87.0])
(3.0,[52.0,23.0])
(36.0,[0.0,84.0])
(3.0,[57.0,24.0])
(2.0,[0.0,28.0])
(32.0,[29.0,34.0])
(5.0,[33.0,44.0])
(17.0,[35.0,91.0])
(28.0,[39.0,82.0])
(34.0,[92.0,56.0])
(14.0,[39.0,99.0])
(10.0,[0.0,50.0])
(1.0,[23.0,86.0])
(28.0,[43.0,73.0])
(15.0,[39.0,69.0])
(11.0,[7.0,99.0])
(2.0,[6.0,25.0])
(36.0,[6.0,79.0])
(23.0,[23.0,50.0])
(32.0,[18.0,36.0])
(24.0,[60.0,43.0])
(1.0,[27.0,73.0])
(17.0,[33.0,99.0])
(25.0,[76.0,64.0])
(1.0,[27.0,76.0])
(10.0,[3.0,55.0])
(27.0,[61.0,29.0])
(12.0,[8.0,74.0])
(28.0,[44.0,76.0])
(15.0,[32.0,65.0])
(15.0,[26.0,62.0])
(34.0,[94.0,59.0])
(1.0,[29.0,77.0])
(28.0,[39.0,81.0])
(37.0,[79.0,26.0])
(15.0,[30.0,67.0])
(33.0,[60.0,99.0])
(3.0,[43.0,14.0])
(26.0,[87.0,27.0])
(23.0,[20.0,50.0])
(1.0,[30.0,74.0])
(16.0,[23.0,99.0])
(33.0,[63.0,99.0])
(20.0,[47.0,75.0])
(1.0,[24.0,77.0])
(19.0,[61.0,0.0])
(32.0,[17.0,35.0])
(38.0,[14.0,0.0])
(28.0,[41.0,88.0])
(17.0,[36.0,93.0])
(13.0,[0.0,21.0])
(36.0,[11.0,84.0])
(25.0,[68.0,63.0])
(20.0,[47.0,76.0])
(4.0,[41.0,8.0])
(9.0,[44.0,30.0])
(10.0,[0.0,53.0])
(10.0,[0.0,54.0])
(37.0,[71.0,23.0])
(12.0,[1.0,64.0])
(21.0,[45.0,58.0])
(31.0,[27.0,15.0])
(27.0,[66.0,32.0])
(27.0,[66.0,35.0])
(20.0,[55.0,77.0])
(27.0,[51.0,34.0])
(12.0,[5.0,70.0])
(29.0,[17.0,13.0])
(10.0,[9.0,59.0])
(33.0,[60.0,99.0])
(3.0,[46.0,10.0])
(7.0,[99.0,99.0])
(39.0,[70.0,40.0])
(13.0,[7.0,22.0])
(17.0,[27.0,89.0])
(9.0,[44.0,28.0])
(11.0,[0.0,95.0])
(28.0,[35.0,80.0])
(16.0,[13.0,97.0])
(27.0,[67.0,31.0])
(2.0,[0.0,30.0])
(7.0,[85.0,96.0])
(17.0,[29.0,99.0])
(30.0,[5.0,37.0])
(36.0,[16.0,80.0])
(5.0,[32.0,52.0])
(32.0,[13.0,38.0])
(16.0,[18.0,99.0])
(26.0,[98.0,38.0])
(2.0,[0.0,24.0])
(26.0,[99.0,30.0])
(4.0,[33.0,9.0])
(11.0,[4.0,93.0])
(19.0,[50.0,0.0])
(21.0,[51.0,55.0])
(17.0,[33.0,88.0])
(25.0,[78.0,68.0])
(22.0,[65.0,82.0])
(26.0,[99.0,35.0])
(25.0,[75.0,60.0])
(25.0,[67.0,65.0])
(38.0,[12.0,0.0])
(13.0,[0.0,17.0])
(27.0,[64.0,27.0])
(39.0,[76.0,52.0])
(11.0,[0.0,99.0])
(23.0,[23.0,48.0])
(20.0,[47.0,70.0])
(25.0,[76.0,55.0])
(3.0,[60.0,22.0])
(20.0,[46.0,73.0])
(1.0,[33.0,74.0])
(34.0,[89.0,61.0])
(1.0,[26.0,76.0])
(36.0,[0.0,81.0])
(16.0,[14.0,99.0])
(22.0,[63.0,74.0])
(3.0,[62.0,14.0])
(25.0,[73.0,66.0])
(23.0,[15.0,51.0])
(38.0,[20.0,0.0])
(2.0,[5.0,27.0])
(11.0,[8.0,93.0])
(37.0,[68.0,22.0])
(10.0,[0.0,50.0])
(36.0,[14.0,79.0])
(23.0,[20.0,59.0])
(25.0,[73.0,56.0])
(1.0,[33.0,79.0])
(3.0,[48.0,15.0])
(4.0,[39.0,0.0])
(12.0,[10.0,72.0])
(6.0,[73.0,0.0])
(13.0,[0.0,9.0])
(26.0,[87.0,40.0])
(10.0,[3.0,57.0])
(37.0,[78.0,15.0])
(0.0,[94.0,73.0])
(13.0,[8.0,16.0])
(25.0,[71.0,58.0])
(30.0,[0.0,47.0])
(2.0,[0.0,28.0])
(39.0,[71.0,45.0])
(8.0,[0.0,0.0])
(13.0,[6.0,20.0])
(18.0,[99.0,0.0])
(16.0,[13.0,99.0])
(28.0,[47.0,87.0])
(15.0,[28.0,64.0])
(22.0,[76.0,81.0])
(8.0,[0.0,0.0])
(20.0,[60.0,69.0])
(13.0,[0.0,17.0])
(5.0,[38.0,43.0])
(10.0,[2.0,57.0])
(0.0,[99.0,80.0])
(14.0,[46.0,99.0])
(15.0,[27.0,70.0])
(26.0,[99.0,36.0])
(24.0,[50.0,48.0])
(4.0,[31.0,5.0])
(16.0,[18.0,99.0])
(20.0,[57.0,70.0])
(1.0,[33.0,78.0])
(11.0,[0.0,99.0])
(34.0,[92.0,49.0])
(5.0,[37.0,49.0])
(27.0,[63.0,26.0])
(5.0,[29.0,46.0])
(20.0,[55.0,83.0])
(26.0,[97.0,34.0])
(14.0,[39.0,90.0])
(24.0,[55.0,52.0])
(26.0,[99.0,33.0])
(10.0,[4.0,58.0])
(11.0,[0.0,95.0])
(25.0,[84.0,66.0])
(2.0,[0.0,28.0])
(35.0,[14.0,75.0])
(34.0,[99.0,58.0])
(14.0,[44.0,99.0])
(37.0,[80.0,27.0])
(25.0,[80.0,69.0])
(39.0,[77.0,46.0])
(18.0,[96.0,18.0])
(12.0,[0.0,64.0])
(19.0,[49.0,9.0])
(19.0,[50.0,0.0])
(23.0,[23.0,52.0])
(12.0,[2.0,70.0])
(0.0,[83.0,73.0])
(15.0,[41.0,69.0])
(21.0,[45.0,64.0])
(37.0,[69.0,18.0])
(39.0,[75.0,37.0])
(22.0,[64.0,86.0])
(1.0,[24.0,78.0])
(8.0,[7.0,5.0])
(21.0,[52.0,64.0])
(24.0,[53.0,53.0])
(24.0,[63.0,58.0])
(7.0,[99.0,85.0])
(33.0,[66.0,99.0])
(29.0,[9.0,22.0])
(0.0,[99.0,80.0])
(21.0,[48.0,50.0])
(26.0,[86.0,28.0])
(25.0,[74.0,60.0])
(3.0,[51.0,15.0])
(37.0,[72.0,29.0])
(8.0,[0.0,0.0])
(17.0,[30.0,94.0])
(23.0,[19.0,46.0])
(8.0,[0.0,2.0])
(25.0,[80.0,54.0])
(19.0,[56.0,0.0])
(0.0,[95.0,70.0])
(19.0,[63.0,0.0])
(16.0,[12.0,91.0])
(37.0,[69.0,26.0])
(25.0,[78.0,65.0])
(0.0,[95.0,75.0])
(4.0,[36.0,10.0])
(19.0,[50.0,0.0])
(11.0,[0.0,93.0])
(11.0,[0.0,99.0])
(28.0,[43.0,83.0])
(11.0,[0.0,99.0])
(1.0,[24.0,73.0])
(4.0,[35.0,0.0])
(23.0,[15.0,58.0])
(8.0,[1.0,1.0])
(1.0,[22.0,74.0])
(30.0,[0.0,40.0])
(7.0,[99.0,83.0])
(0.0,[96.0,78.0])
(28.0,[39.0,79.0])
(39.0,[70.0,35.0])
(21.0,[44.0,54.0])
(16.0,[11.0,99.0])
(39.0,[73.0,49.0])
(2.0,[6.0,28.0])
(6.0,[83.0,0.0])
(23.0,[19.0,52.0])
(38.0,[15.0,0.0])
(12.0,[5.0,63.0])
(28.0,[38.0,75.0])
(28.0,[39.0,89.0])
(36.0,[16.0,78.0])
(39.0,[79.0,39.0])
(0.0,[81.0,72.0])
(19.0,[57.0,9.0])
(27.0,[64.0,29.0])
(33.0,[56.0,99.0])
(1.0,[26.0,79.0])
(21.0,[48.0,57.0])
(1.0,[32.0,74.0])
(37.0,[74.0,27.0])
(3.0,[52.0,10.0])
(35.0,[14.0,63.0])
(29.0,[19.0,22.0])
(21.0,[40.0,59.0])
(35.0,[15.0,75.0])
(11.0,[7.0,99.0])
(10.0,[0.0,60.0])
(8.0,[0.0,8.0])
(13.0,[7.0,16.0])
(23.0,[12.0,54.0])
(24.0,[58.0,60.0])
(37.0,[70.0,26.0])
(3.0,[54.0,14.0])
(22.0,[78.0,85.0])
(19.0,[63.0,3.0])
(33.0,[67.0,99.0])
(5.0,[38.0,51.0])
(0.0,[84.0,72.0])
(1.0,[24.0,77.0])
(7.0,[95.0,85.0])
(16.0,[14.0,99.0])
(32.0,[15.0,39.0])
(10.0,[4.0,58.0])
(8.0,[9.0,3.0])
(26.0,[99.0,35.0])
(11.0,[7.0,99.0])
(25.0,[67.0,57.0])
(21.0,[42.0,54.0])
(12.0,[10.0,64.0])
(2.0,[0.0,34.0])
(24.0,[60.0,48.0])
(15.0,[28.0,66.0])
(18.0,[96.0,19.0])
(4.0,[32.0,2.0])
(32.0,[29.0,38.0])
(2.0,[0.0,34.0])
(15.0,[31.0,59.0])
(9.0,[40.0,25.0])
(9.0,[42.0,29.0])
(5.0,[28.0,51.0])
(29.0,[23.0,22.0])
(29.0,[22.0,19.0])
(16.0,[22.0,99.0])
(1.0,[24.0,81.0])
(25.0,[70.0,63.0])
(25.0,[70.0,61.0])
(10.0,[8.0,55.0])
(10.0,[5.0,50.0])
(15.0,[27.0,62.0])
(32.0,[15.0,33.0])
(4.0,[29.0,0.0])
(3.0,[48.0,21.0])
(12.0,[7.0,75.0])
(30.0,[0.0,46.0])
(9.0,[31.0,31.0])
(29.0,[13.0,14.0])
(0.0,[97.0,78.0])
(3.0,[58.0,13.0])
(27.0,[54.0,29.0])
(15.0,[32.0,67.0])
(13.0,[5.0,21.0])
(39.0,[73.0,40.0])
(22.0,[76.0,73.0])
(30.0,[3.0,37.0])
(30.0,[11.0,41.0])
(27.0,[60.0,38.0])
(38.0,[24.0,0.0])
(24.0,[55.0,60.0])
(21.0,[52.0,57.0])
(17.0,[31.0,86.0])
(31.0,[38.0,24.0])
(1.0,[25.0,87.0])
(36.0,[5.0,76.0])
(33.0,[65.0,99.0])
(10.0,[0.0,62.0])
(9.0,[43.0,37.0])
(14.0,[41.0,99.0])
(12.0,[6.0,68.0])
(27.0,[64.0,28.0])
(34.0,[95.0,62.0])
(23.0,[26.0,54.0])
(17.0,[26.0,92.0])
(20.0,[62.0,73.0])
(29.0,[11.0,22.0])
(14.0,[44.0,99.0])
(5.0,[42.0,49.0])
(25.0,[68.0,59.0])
(21.0,[49.0,50.0])
(25.0,[70.0,61.0])
(11.0,[0.0,88.0])
(10.0,[3.0,53.0])
(2.0,[0.0,33.0])
(4.0,[44.0,0.0])
(32.0,[12.0,37.0])
(32.0,[21.0,43.0])
(12.0,[0.0,69.0])
(6.0,[70.0,1.0])
(15.0,[29.0,68.0])
(24.0,[64.0,61.0])
(1.0,[24.0,75.0])
(19.0,[55.0,7.0])
(37.0,[67.0,22.0])
(28.0,[36.0,84.0])
(0.0,[95.0,67.0])
(20.0,[56.0,76.0])
(2.0,[8.0,31.0])
(22.0,[72.0,76.0])
(28.0,[36.0,87.0])
(24.0,[65.0,51.0])
(5.0,[31.0,44.0])
(19.0,[64.0,0.0])
(10.0,[0.0,55.0])
(23.0,[23.0,56.0])
(39.0,[85.0,41.0])
(11.0,[0.0,97.0])
(23.0,[20.0,53.0])
(30.0,[0.0,47.0])
(11.0,[0.0,98.0])
(13.0,[10.0,12.0])
(20.0,[43.0,70.0])
(28.0,[33.0,87.0])
(18.0,[99.0,0.0])
(39.0,[75.0,33.0])
(32.0,[14.0,33.0])
(17.0,[32.0,90.0])
(31.0,[28.0,18.0])
(32.0,[29.0,36.0])
(36.0,[0.0,81.0])
(10.0,[9.0,51.0])
(28.0,[49.0,81.0])
(26.0,[99.0,31.0])
(18.0,[92.0,8.0])
(19.0,[53.0,0.0])
(1.0,[27.0,80.0])
(28.0,[34.0,82.0])
(29.0,[14.0,24.0])
(23.0,[19.0,57.0])
(9.0,[40.0,27.0])
(10.0,[12.0,58.0])
(8.0,[2.0,0.0])
(27.0,[57.0,35.0])
(18.0,[99.0,17.0])
(23.0,[12.0,53.0])
(15.0,[32.0,71.0])
(20.0,[62.0,74.0])
(33.0,[82.0,96.0])
(38.0,[24.0,0.0])
(6.0,[78.0,0.0])
(27.0,[64.0,31.0])
(2.0,[3.0,34.0])
(13.0,[0.0,16.0])
(11.0,[0.0,90.0])
(24.0,[55.0,44.0])
(32.0,[26.0,33.0])
(10.0,[10.0,56.0])
(2.0,[4.0,31.0])
(11.0,[8.0,99.0])
(20.0,[60.0,72.0])
(35.0,[13.0,72.0])
(19.0,[54.0,8.0])
(24.0,[56.0,44.0])
(8.0,[3.0,7.0])
(1.0,[20.0,78.0])
(24.0,[66.0,54.0])
(11.0,[2.0,99.0])
(9.0,[29.0,32.0])
(36.0,[6.0,78.0])
(36.0,[5.0,79.0])
(33.0,[78.0,99.0])
(21.0,[47.0,56.0])
(16.0,[19.0,95.0])
(11.0,[0.0,89.0])
(9.0,[35.0,37.0])
(4.0,[45.0,6.0])
(1.0,[23.0,83.0])
(36.0,[14.0,76.0])
(8.0,[6.0,8.0])
(11.0,[8.0,99.0])
(6.0,[73.0,1.0])
(12.0,[5.0,63.0])
(0.0,[86.0,70.0])
(13.0,[0.0,20.0])
(23.0,[20.0,52.0])
(9.0,[47.0,41.0])
(35.0,[21.0,64.0])
(15.0,[38.0,59.0])
(38.0,[11.0,5.0])
(16.0,[23.0,99.0])
(31.0,[35.0,24.0])
(1.0,[28.0,71.0])
(15.0,[37.0,64.0])
(9.0,[33.0,28.0])
(35.0,[17.0,63.0])
(13.0,[0.0,21.0])
(6.0,[73.0,3.0])
(18.0,[88.0,13.0])
(11.0,[1.0,99.0])
(11.0,[0.0,99.0])
(23.0,[16.0,53.0])
(34.0,[82.0,51.0])
(5.0,[29.0,54.0])
(29.0,[12.0,26.0])
(29.0,[19.0,25.0])
(6.0,[74.0,0.0])
(5.0,[30.0,50.0])
(25.0,[81.0,56.0])
(35.0,[17.0,68.0])
(25.0,[79.0,61.0])
(27.0,[57.0,39.0])
(21.0,[47.0,51.0])
(5.0,[26.0,47.0])
(1.0,[19.0,76.0])
(1.0,[20.0,75.0])
(37.0,[86.0,21.0])
(10.0,[0.0,50.0])
(8.0,[0.0,0.0])
(36.0,[13.0,80.0])
(28.0,[33.0,84.0])
(29.0,[10.0,26.0])
(5.0,[30.0,49.0])
(2.0,[11.0,31.0])
(34.0,[86.0,51.0])
(32.0,[22.0,36.0])
(6.0,[76.0,0.0])
(5.0,[32.0,49.0])
(34.0,[84.0,57.0])
(11.0,[0.0,88.0])
(24.0,[66.0,57.0])
(14.0,[40.0,95.0])
(8.0,[0.0,6.0])
(9.0,[33.0,29.0])
(37.0,[76.0,19.0])
(35.0,[13.0,69.0])
(29.0,[15.0,17.0])
(32.0,[14.0,35.0])
(8.0,[0.0,0.0])
(2.0,[1.0,23.0])
(37.0,[77.0,22.0])
(0.0,[86.0,74.0])
(30.0,[0.0,47.0])
(26.0,[90.0,33.0])
(27.0,[54.0,37.0])
(27.0,[65.0,27.0])
(9.0,[43.0,27.0])
(20.0,[57.0,72.0])
(0.0,[88.0,81.0])
(38.0,[18.0,2.0])
(14.0,[40.0,99.0])
(23.0,[18.0,52.0])
(10.0,[2.0,58.0])
(38.0,[23.0,0.0])
(2.0,[10.0,32.0])
(1.0,[27.0,79.0])
(5.0,[32.0,51.0])
(29.0,[15.0,24.0])
(22.0,[81.0,86.0])
(27.0,[69.0,33.0])
(30.0,[0.0,46.0])
(21.0,[42.0,59.0])
(3.0,[50.0,10.0])
(10.0,[4.0,56.0])
(8.0,[0.0,0.0])
(23.0,[24.0,54.0])
(19.0,[63.0,0.0])
(4.0,[45.0,0.0])
(10.0,[10.0,56.0])
(21.0,[45.0,50.0])
(24.0,[54.0,51.0])
(32.0,[21.0,36.0])
(5.0,[35.0,49.0])
(27.0,[59.0,37.0])
(24.0,[52.0,53.0])
(39.0,[68.0,37.0])
(21.0,[45.0,56.0])
(13.0,[7.0,9.0])
(14.0,[44.0,99.0])
(38.0,[25.0,7.0])
(11.0,[0.0,99.0])
(23.0,[21.0,49.0])
(1.0,[30.0,82.0])
(11.0,[0.0,95.0])
(29.0,[15.0,27.0])
(34.0,[94.0,46.0])
(33.0,[72.0,92.0])
(21.0,[41.0,58.0])
(6.0,[74.0,0.0])
(17.0,[36.0,90.0])
(18.0,[95.0,12.0])
(7.0,[99.0,99.0])
(32.0,[26.0,35.0])
(32.0,[13.0,36.0])
(32.0,[27.0,32.0])
(31.0,[30.0,25.0])
(12.0,[2.0,63.0])
(1.0,[24.0,78.0])
(25.0,[67.0,58.0])
(24.0,[52.0,53.0])
(23.0,[16.0,50.0])
(31.0,[27.0,22.0])
(2.0,[9.0,30.0])
(13.0,[4.0,16.0])
(7.0,[99.0,92.0])
(35.0,[16.0,75.0])
(9.0,[40.0,36.0])
(15.0,[41.0,66.0])
(28.0,[38.0,84.0])
(17.0,[28.0,99.0])
(5.0,[31.0,54.0])
(29.0,[17.0,27.0])
(3.0,[60.0,12.0])
(25.0,[77.0,61.0])
(15.0,[34.0,64.0])
(23.0,[15.0,51.0])
(6.0,[81.0,0.0])
(21.0,[43.0,61.0])
(38.0,[16.0,0.0])
(12.0,[7.0,65.0])
(35.0,[16.0,70.0])
(10.0,[0.0,61.0])
(20.0,[56.0,86.0])
(10.0,[0.0,55.0])
(1.0,[25.0,79.0])
(9.0,[42.0,31.0])
(16.0,[13.0,99.0])
(2.0,[0.0,27.0])
(5.0,[37.0,46.0])
(13.0,[0.0,12.0])
(30.0,[8.0,39.0])
(20.0,[55.0,78.0])
(5.0,[29.0,49.0])
(20.0,[54.0,78.0])
(3.0,[44.0,15.0])
(5.0,[36.0,49.0])
(33.0,[70.0,99.0])
(16.0,[22.0,94.0])
(3.0,[58.0,16.0])
(6.0,[77.0,0.0])
(2.0,[4.0,23.0])
(32.0,[21.0,38.0])
(10.0,[0.0,55.0])
(24.0,[50.0,50.0])
(5.0,[36.0,50.0])
(1.0,[30.0,80.0])
(26.0,[89.0,35.0])
(21.0,[45.0,59.0])
(8.0,[0.0,0.0])
(23.0,[21.0,57.0])
(10.0,[0.0,60.0])
(37.0,[65.0,21.0])
(9.0,[37.0,28.0])
(21.0,[43.0,60.0])
(10.0,[11.0,60.0])
(33.0,[65.0,99.0])
(29.0,[17.0,16.0])
(23.0,[24.0,53.0])
(24.0,[64.0,56.0])
(28.0,[35.0,80.0])
(9.0,[32.0,38.0])
(23.0,[22.0,54.0])
(38.0,[18.0,1.0])
(23.0,[23.0,50.0])
(28.0,[43.0,73.0])
(24.0,[61.0,59.0])
(25.0,[77.0,68.0])
(27.0,[69.0,31.0])
(15.0,[31.0,72.0])
(2.0,[8.0,30.0])
(5.0,[35.0,41.0])
(32.0,[24.0,33.0])
(13.0,[0.0,18.0])
(30.0,[0.0,43.0])
(3.0,[48.0,15.0])
(15.0,[37.0,59.0])
(8.0,[0.0,0.0])
(1.0,[25.0,85.0])
(23.0,[22.0,48.0])
(20.0,[54.0,78.0])
(24.0,[53.0,54.0])
(8.0,[4.0,2.0])
(0.0,[88.0,76.0])
(4.0,[43.0,8.0])
(24.0,[61.0,62.0])
(3.0,[61.0,22.0])
(23.0,[14.0,58.0])
(16.0,[14.0,99.0])
(5.0,[39.0,50.0])
(1.0,[19.0,76.0])
(27.0,[65.0,25.0])
(25.0,[78.0,67.0])
(2.0,[6.0,25.0])
(27.0,[57.0,42.0])
(22.0,[58.0,84.0])
(32.0,[27.0,39.0])
(27.0,[61.0,27.0])
(36.0,[13.0,77.0])
(4.0,[41.0,5.0])
(29.0,[14.0,25.0])
(20.0,[50.0,68.0])
(29.0,[18.0,18.0])
(37.0,[82.0,18.0])
(6.0,[75.0,1.0])
(21.0,[46.0,53.0])
(31.0,[37.0,13.0])
(15.0,[28.0,64.0])
(22.0,[74.0,87.0])
(31.0,[28.0,26.0])
(32.0,[21.0,33.0])
(35.0,[19.0,62.0])
(32.0,[21.0,40.0])
(36.0,[6.0,87.0])
(37.0,[66.0,17.0])
(27.0,[60.0,27.0])
(38.0,[11.0,9.0])
(2.0,[6.0,27.0])
(29.0,[8.0,22.0])
(32.0,[16.0,34.0])
(1.0,[30.0,78.0])
(5.0,[36.0,48.0])
(12.0,[4.0,73.0])
(14.0,[39.0,99.0])
(1.0,[22.0,75.0])
(27.0,[60.0,37.0])
(32.0,[27.0,33.0])
(35.0,[11.0,73.0])
(10.0,[0.0,51.0])
(2.0,[0.0,28.0])
(27.0,[57.0,40.0])
(9.0,[36.0,29.0])
(5.0,[27.0,51.0])
(11.0,[1.0,99.0])
(27.0,[63.0,29.0])
(12.0,[9.0,73.0])
(5.0,[27.0,53.0])
(9.0,[43.0,39.0])
(9.0,[31.0,32.0])
(25.0,[80.0,63.0])
(13.0,[0.0,20.0])
(20.0,[47.0,75.0])
(27.0,[56.0,26.0])
(24.0,[60.0,43.0])
(29.0,[11.0,27.0])
(27.0,[61.0,28.0])
(8.0,[0.0,0.0])
(37.0,[64.0,19.0])
(10.0,[6.0,53.0])
(35.0,[19.0,65.0])
(4.0,[34.0,9.0])
(3.0,[59.0,13.0])
(15.0,[39.0,68.0])
(2.0,[10.0,35.0])
(29.0,[21.0,23.0])
(1.0,[26.0,86.0])
(4.0,[45.0,0.0])
(9.0,[39.0,32.0])
(34.0,[83.0,50.0])
(9.0,[49.0,37.0])
(9.0,[42.0,26.0])
(26.0,[98.0,38.0])
(8.0,[0.0,0.0])
(2.0,[6.0,28.0])
(11.0,[0.0,87.0])
(9.0,[45.0,29.0])
(8.0,[0.0,0.0])
(38.0,[26.0,0.0])
(15.0,[34.0,59.0])
(32.0,[27.0,41.0])
(30.0,[9.0,39.0])
(4.0,[30.0,0.0])
(34.0,[99.0,50.0])
(29.0,[14.0,28.0])
(27.0,[65.0,32.0])
(13.0,[0.0,12.0])
(18.0,[99.0,0.0])
(21.0,[47.0,57.0])
(33.0,[65.0,99.0])
(10.0,[0.0,55.0])
(37.0,[71.0,31.0])
(37.0,[64.0,16.0])
(2.0,[6.0,34.0])
(36.0,[0.0,79.0])
(13.0,[0.0,14.0])
(1.0,[26.0,85.0])
(4.0,[29.0,0.0])
(17.0,[27.0,99.0])
(13.0,[0.0,15.0])
(26.0,[87.0,32.0])
(30.0,[0.0,46.0])
(3.0,[63.0,18.0])
(17.0,[29.0,99.0])
(27.0,[59.0,30.0])
(9.0,[42.0,31.0])
(35.0,[11.0,64.0])
(16.0,[18.0,99.0])
(0.0,[82.0,70.0])
(1.0,[24.0,80.0])
(1.0,[32.0,83.0])
(23.0,[11.0,49.0])
(2.0,[7.0,31.0])
(25.0,[77.0,64.0])
(1.0,[19.0,81.0])
(20.0,[60.0,76.0])
(9.0,[34.0,37.0])
(27.0,[60.0,36.0])
(32.0,[15.0,31.0])
(32.0,[19.0,32.0])
(21.0,[41.0,61.0])
(10.0,[0.0,56.0])
(13.0,[0.0,17.0])
(25.0,[78.0,52.0])
(4.0,[40.0,5.0])
(17.0,[30.0,99.0])
(23.0,[25.0,54.0])
(7.0,[99.0,91.0])
(7.0,[99.0,90.0])
(21.0,[40.0,54.0])
(35.0,[13.0,61.0])
(23.0,[14.0,59.0])
(10.0,[0.0,53.0])
(1.0,[24.0,80.0])
(3.0,[54.0,15.0])
(16.0,[20.0,96.0])
(20.0,[47.0,68.0])
(20.0,[52.0,84.0])
(38.0,[15.0,5.0])
(8.0,[0.0,0.0])
(3.0,[51.0,28.0])
(23.0,[19.0,49.0])
(14.0,[50.0,98.0])
(12.0,[7.0,74.0])
(7.0,[82.0,89.0])
(14.0,[51.0,99.0])
(17.0,[26.0,88.0])
(2.0,[0.0,34.0])
(38.0,[16.0,3.0])
(17.0,[30.0,99.0])
(22.0,[70.0,78.0])
(28.0,[44.0,74.0])
(8.0,[8.0,0.0])
(10.0,[7.0,56.0])
(1.0,[25.0,80.0])
(35.0,[21.0,65.0])
(37.0,[80.0,22.0])
(4.0,[42.0,0.0])
(11.0,[0.0,89.0])
(28.0,[38.0,88.0])
(2.0,[0.0,32.0])
(37.0,[72.0,20.0])
(36.0,[14.0,84.0])
(1.0,[18.0,78.0])
(24.0,[58.0,50.0])
(9.0,[31.0,34.0])
(34.0,[99.0,57.0])
(26.0,[93.0,31.0])
(2.0,[0.0,30.0])
(2.0,[1.0,24.0])
(15.0,[40.0,69.0])
(36.0,[6.0,81.0])
(3.0,[60.0,13.0])
(3.0,[57.0,14.0])
(29.0,[15.0,29.0])
(33.0,[64.0,99.0])
(24.0,[60.0,52.0])
(14.0,[38.0,92.0])
(19.0,[64.0,1.0])
(11.0,[0.0,90.0])
(25.0,[79.0,60.0])
(24.0,[55.0,59.0])
(32.0,[14.0,41.0])
(20.0,[49.0,79.0])
(33.0,[81.0,99.0])
(7.0,[99.0,83.0])
(9.0,[43.0,30.0])
(15.0,[36.0,61.0])
(9.0,[40.0,24.0])
(1.0,[27.0,76.0])
(37.0,[78.0,30.0])
(20.0,[46.0,71.0])
(2.0,[0.0,34.0])
(8.0,[0.0,0.0])
(12.0,[0.0,77.0])
(30.0,[0.0,38.0])
(1.0,[19.0,76.0])
(23.0,[17.0,59.0])
(1.0,[22.0,79.0])
(23.0,[24.0,52.0])
(37.0,[74.0,29.0])
(0.0,[83.0,71.0])
(37.0,[78.0,21.0])
(30.0,[0.0,49.0])
(14.0,[42.0,99.0])
(17.0,[24.0,98.0])
(37.0,[71.0,23.0])
(27.0,[67.0,35.0])
(9.0,[35.0,27.0])
(16.0,[15.0,99.0])
(32.0,[29.0,35.0])
(8.0,[0.0,7.0])
(17.0,[25.0,89.0])
(0.0,[82.0,76.0])
(16.0,[17.0,99.0])
(30.0,[0.0,49.0])
(3.0,[50.0,22.0])
(4.0,[30.0,0.0])
(28.0,[40.0,88.0])
(25.0,[73.0,62.0])
(14.0,[38.0,99.0])
(20.0,[53.0,83.0])
(20.0,[51.0,68.0])
(16.0,[23.0,99.0])
(1.0,[24.0,75.0])
(20.0,[60.0,64.0])
(15.0,[25.0,61.0])
(3.0,[44.0,19.0])
(2.0,[6.0,33.0])
(10.0,[4.0,62.0])
(27.0,[64.0,36.0])
(20.0,[48.0,74.0])
(4.0,[30.0,0.0])
(2.0,[8.0,31.0])
(2.0,[0.0,27.0])
(4.0,[32.0,0.0])
(4.0,[38.0,0.0])
(21.0,[40.0,59.0])
(16.0,[12.0,99.0])
(23.0,[24.0,54.0])
(29.0,[10.0,22.0])
(30.0,[3.0,45.0])
(4.0,[34.0,0.0])
(4.0,[35.0,0.0])
(26.0,[99.0,38.0])
(37.0,[69.0,23.0])
(27.0,[56.0,39.0])
(7.0,[97.0,99.0])
(9.0,[41.0,25.0])
(1.0,[30.0,78.0])
(21.0,[40.0,61.0])
(30.0,[2.0,44.0])
(3.0,[57.0,22.0])
(36.0,[5.0,78.0])
(18.0,[98.0,10.0])
(17.0,[27.0,91.0])
(26.0,[99.0,22.0])
(9.0,[36.0,39.0])
(18.0,[97.0,8.0])
(7.0,[99.0,93.0])
(38.0,[19.0,0.0])
(14.0,[45.0,99.0])
(37.0,[72.0,23.0])
(25.0,[75.0,57.0])
(34.0,[90.0,62.0])
(7.0,[88.0,99.0])
(11.0,[0.0,93.0])
(33.0,[81.0,93.0])
(14.0,[37.0,93.0])
(27.0,[64.0,26.0])
(39.0,[65.0,44.0])
(0.0,[90.0,73.0])
(24.0,[50.0,46.0])
(16.0,[15.0,94.0])
(29.0,[20.0,23.0])
(29.0,[12.0,17.0])
(13.0,[10.0,13.0])
(5.0,[27.0,47.0])
(9.0,[35.0,28.0])
(7.0,[84.0,88.0])
(5.0,[33.0,53.0])
(26.0,[99.0,34.0])
(25.0,[78.0,61.0])
(29.0,[11.0,20.0])
(16.0,[10.0,95.0])
(35.0,[15.0,73.0])
(9.0,[42.0,34.0])
(29.0,[19.0,28.0])
(20.0,[49.0,72.0])
(38.0,[25.0,8.0])
(1.0,[26.0,76.0])
(25.0,[77.0,66.0])
(14.0,[38.0,92.0])
(8.0,[0.0,0.0])
(30.0,[6.0,37.0])
(28.0,[44.0,79.0])
(10.0,[10.0,51.0])
(12.0,[1.0,64.0])
(8.0,[10.0,0.0])
(6.0,[81.0,0.0])
(31.0,[29.0,27.0])
(10.0,[0.0,52.0])
(7.0,[99.0,99.0])
(23.0,[18.0,56.0])
(10.0,[7.0,58.0])
(24.0,[54.0,58.0])
(37.0,[65.0,21.0])
(7.0,[87.0,97.0])
(17.0,[29.0,99.0])
(4.0,[30.0,0.0])
(37.0,[69.0,22.0])
(35.0,[18.0,70.0])
(25.0,[81.0,70.0])
(33.0,[79.0,99.0])
(12.0,[4.0,66.0])
(30.0,[0.0,36.0])
(1.0,[28.0,85.0])
(25.0,[79.0,71.0])
(28.0,[40.0,80.0])
(34.0,[93.0,59.0])
(32.0,[21.0,43.0])
(39.0,[74.0,44.0])
(22.0,[74.0,76.0])
(36.0,[9.0,80.0])
(3.0,[54.0,23.0])
(21.0,[45.0,64.0])
(14.0,[48.0,99.0])
(11.0,[0.0,91.0])
(27.0,[70.0,31.0])
(29.0,[16.0,19.0])
(17.0,[25.0,98.0])
(9.0,[39.0,40.0])
(19.0,[53.0,0.0])
(1.0,[27.0,82.0])
(35.0,[17.0,69.0])
(22.0,[66.0,83.0])
(9.0,[38.0,31.0])
(24.0,[56.0,53.0])
(21.0,[48.0,58.0])
(28.0,[39.0,79.0])
(4.0,[32.0,10.0])
(17.0,[27.0,87.0])
(10.0,[0.0,59.0])
(16.0,[19.0,99.0])
(13.0,[0.0,14.0])
(13.0,[8.0,15.0])
(33.0,[64.0,99.0])
(39.0,[64.0,41.0])
(19.0,[53.0,0.0])
(12.0,[2.0,73.0])
(39.0,[68.0,41.0])
(33.0,[72.0,94.0])
(2.0,[2.0,33.0])
(2.0,[5.0,32.0])
(29.0,[12.0,18.0])
(5.0,[33.0,53.0])
(19.0,[48.0,4.0])
(25.0,[80.0,70.0])
(11.0,[0.0,90.0])
(23.0,[18.0,52.0])
(18.0,[89.0,19.0])
(7.0,[99.0,99.0])
(23.0,[19.0,52.0])
(9.0,[41.0,41.0])
(10.0,[3.0,61.0])
(15.0,[36.0,66.0])
(20.0,[52.0,75.0])
(8.0,[0.0,0.0])
(38.0,[19.0,0.0])
(23.0,[21.0,54.0])
(25.0,[79.0,56.0])
(28.0,[41.0,89.0])
(23.0,[21.0,59.0])
(20.0,[53.0,66.0])
(11.0,[0.0,98.0])
(32.0,[27.0,35.0])
(1.0,[30.0,80.0])
(17.0,[27.0,91.0])
(12.0,[10.0,67.0])
(14.0,[40.0,95.0])
(21.0,[47.0,59.0])
(7.0,[99.0,87.0])
(11.0,[0.0,89.0])
(25.0,[71.0,57.0])
(32.0,[29.0,39.0])
(24.0,[50.0,42.0])
(25.0,[80.0,69.0])
(9.0,[40.0,25.0])
(2.0,[0.0,35.0])
(23.0,[21.0,49.0])
(2.0,[0.0,31.0])
(23.0,[15.0,50.0])
(16.0,[17.0,99.0])
(22.0,[73.0,76.0])
(27.0,[61.0,26.0])
(14.0,[45.0,99.0])
(6.0,[75.0,11.0])
(10.0,[3.0,62.0])
(12.0,[5.0,72.0])
(31.0,[35.0,24.0])
(30.0,[0.0,45.0])
(35.0,[14.0,66.0])
(22.0,[68.0,79.0])
(5.0,[33.0,51.0])
(11.0,[0.0,99.0])
(4.0,[39.0,6.0])
(0.0,[88.0,78.0])
(16.0,[9.0,98.0])
(8.0,[0.0,0.0])
(10.0,[0.0,50.0])
(10.0,[0.0,61.0])
(16.0,[10.0,99.0])
(33.0,[73.0,99.0])
(12.0,[0.0,67.0])
(26.0,[99.0,28.0])
(12.0,[4.0,63.0])
(23.0,[14.0,59.0])
(7.0,[98.0,99.0])
(24.0,[57.0,47.0])
(10.0,[5.0,52.0])
(36.0,[15.0,79.0])
(12.0,[3.0,66.0])
(9.0,[38.0,30.0])
(33.0,[69.0,99.0])
(6.0,[79.0,0.0])
(35.0,[24.0,69.0])
(29.0,[12.0,21.0])
(32.0,[13.0,37.0])
(15.0,[37.0,60.0])
(8.0,[7.0,0.0])
(30.0,[9.0,38.0])
(5.0,[34.0,51.0])
(1.0,[28.0,73.0])
(4.0,[36.0,8.0])
(30.0,[0.0,44.0])
(24.0,[63.0,63.0])
(37.0,[73.0,15.0])
(13.0,[6.0,18.0])
(36.0,[0.0,81.0])
(28.0,[35.0,76.0])
(31.0,[39.0,13.0])
(24.0,[61.0,58.0])
(32.0,[14.0,32.0])
(1.0,[30.0,76.0])
(36.0,[8.0,86.0])
(30.0,[2.0,40.0])
(24.0,[55.0,53.0])
(25.0,[75.0,70.0])
(9.0,[43.0,31.0])
(21.0,[50.0,53.0])
(22.0,[68.0,80.0])
(9.0,[42.0,42.0])
(2.0,[8.0,30.0])
(15.0,[29.0,68.0])
(8.0,[0.0,5.0])
(22.0,[67.0,85.0])
(12.0,[1.0,63.0])
(9.0,[37.0,35.0])
(13.0,[0.0,15.0])
(3.0,[53.0,16.0])
(24.0,[51.0,52.0])
(37.0,[78.0,13.0])
(16.0,[18.0,99.0])
(23.0,[16.0,44.0])
(1.0,[28.0,86.0])
(39.0,[69.0,38.0])
(8.0,[0.0,0.0])
(20.0,[52.0,72.0])
(30.0,[0.0,49.0])
(23.0,[17.0,51.0])
(11.0,[8.0,99.0])
(16.0,[17.0,99.0])
(29.0,[19.0,25.0])
(20.0,[45.0,75.0])
(36.0,[15.0,88.0])
(27.0,[63.0,31.0])
(38.0,[14.0,11.0])
(13.0,[0.0,11.0])
(1.0,[23.0,78.0])
(1.0,[23.0,77.0])
(5.0,[39.0,50.0])
(13.0,[7.0,18.0])
(38.0,[18.0,8.0])
(25.0,[84.0,62.0])
(23.0,[17.0,48.0])
(28.0,[35.0,84.0])
(3.0,[49.0,19.0])
(29.0,[18.0,24.0])
(9.0,[32.0,32.0])
(24.0,[48.0,45.0])
(22.0,[72.0,80.0])
(35.0,[13.0,61.0])
(1.0,[23.0,76.0])
(12.0,[0.0,71.0])
(30.0,[0.0,48.0])
(5.0,[39.0,49.0])
(28.0,[36.0,78.0])
(21.0,[46.0,56.0])
(20.0,[52.0,67.0])
(32.0,[16.0,41.0])
(27.0,[65.0,30.0])
(25.0,[82.0,62.0])
(37.0,[71.0,13.0])
(39.0,[69.0,48.0])
(4.0,[39.0,0.0])
(36.0,[9.0,76.0])
(33.0,[58.0,99.0])
(20.0,[51.0,72.0])
(28.0,[38.0,86.0])
(7.0,[99.0,89.0])
(24.0,[57.0,57.0])
(32.0,[29.0,34.0])
(35.0,[12.0,69.0])
(25.0,[74.0,59.0])
(29.0,[10.0,20.0])
(37.0,[71.0,24.0])
(16.0,[17.0,95.0])
(37.0,[75.0,29.0])
(9.0,[40.0,29.0])
(1.0,[20.0,87.0])
(35.0,[14.0,61.0])
(29.0,[13.0,18.0])
(5.0,[32.0,46.0])
(23.0,[15.0,44.0])
(24.0,[64.0,46.0])
(24.0,[57.0,43.0])
(32.0,[23.0,36.0])
(28.0,[36.0,87.0])
(12.0,[8.0,71.0])
(35.0,[17.0,76.0])
(35.0,[22.0,64.0])
(4.0,[36.0,0.0])
(2.0,[2.0,33.0])
(9.0,[41.0,31.0])
(17.0,[22.0,91.0])
(0.0,[82.0,82.0])
(4.0,[27.0,3.0])
(29.0,[17.0,20.0])
(24.0,[56.0,52.0])
(1.0,[34.0,75.0])
(23.0,[21.0,52.0])
(30.0,[0.0,45.0])
(37.0,[69.0,27.0])
(14.0,[44.0,99.0])
(28.0,[35.0,77.0])
(12.0,[1.0,74.0])
(36.0,[8.0,75.0])
(5.0,[27.0,43.0])
(0.0,[99.0,70.0])
(31.0,[41.0,22.0])
(11.0,[0.0,99.0])
(27.0,[61.0,23.0])
(28.0,[38.0,73.0])
(13.0,[0.0,15.0])
(29.0,[19.0,15.0])
(18.0,[99.0,6.0])
(27.0,[51.0,38.0])
(32.0,[25.0,41.0])
(13.0,[0.0,20.0])
(32.0,[19.0,43.0])
(20.0,[50.0,74.0])
(28.0,[39.0,80.0])
(34.0,[99.0,65.0])
(32.0,[22.0,30.0])
(12.0,[7.0,74.0])
(12.0,[0.0,70.0])
(17.0,[31.0,88.0])
(20.0,[57.0,64.0])
(27.0,[62.0,29.0])
(24.0,[59.0,50.0])
(10.0,[9.0,61.0])
(20.0,[50.0,74.0])
(32.0,[19.0,37.0])
(24.0,[55.0,45.0])
(28.0,[45.0,77.0])
(13.0,[0.0,15.0])
(1.0,[24.0,83.0])
(28.0,[35.0,84.0])
(21.0,[49.0,63.0])
(2.0,[7.0,32.0])
(16.0,[11.0,99.0])
(23.0,[25.0,55.0])
(9.0,[40.0,26.0])
(37.0,[72.0,14.0])
(20.0,[53.0,82.0])
(28.0,[38.0,79.0])
(33.0,[69.0,99.0])
(16.0,[18.0,99.0])
(24.0,[53.0,51.0])
(23.0,[13.0,53.0])
(16.0,[16.0,97.0])
(13.0,[6.0,14.0])
(33.0,[79.0,99.0])
(33.0,[65.0,99.0])
(6.0,[78.0,0.0])
(36.0,[0.0,84.0])
(25.0,[77.0,63.0])
(16.0,[16.0,95.0])
(24.0,[59.0,59.0])
(5.0,[40.0,48.0])
(39.0,[76.0,52.0])
(31.0,[38.0,21.0])
(28.0,[45.0,80.0])
(1.0,[21.0,80.0])
(10.0,[2.0,60.0])
(7.0,[99.0,93.0])
(20.0,[63.0,65.0])
(9.0,[35.0,33.0])
(15.0,[40.0,63.0])
(11.0,[7.0,99.0])
(15.0,[28.0,67.0])
(26.0,[89.0,29.0])
(21.0,[54.0,63.0])
(3.0,[54.0,24.0])
(30.0,[0.0,45.0])
(7.0,[95.0,99.0])
(27.0,[54.0,37.0])
(18.0,[99.0,11.0])
(0.0,[99.0,71.0])
(28.0,[36.0,84.0])
(16.0,[20.0,99.0])
(20.0,[48.0,70.0])
(27.0,[71.0,32.0])
(11.0,[0.0,99.0])
(16.0,[15.0,94.0])
(9.0,[34.0,33.0])
(21.0,[50.0,56.0])
(20.0,[61.0,68.0])
(3.0,[45.0,15.0])
(10.0,[0.0,55.0])
(37.0,[81.0,32.0])
(24.0,[57.0,59.0])
(25.0,[80.0,62.0])
(24.0,[53.0,54.0])
(9.0,[40.0,34.0])
(20.0,[47.0,69.0])
(30.0,[0.0,48.0])
(38.0,[18.0,11.0])
(32.0,[30.0,37.0])
(29.0,[9.0,24.0])
(13.0,[0.0,19.0])
(24.0,[66.0,53.0])
(5.0,[39.0,45.0])
(36.0,[17.0,82.0])
(12.0,[0.0,65.0])
(8.0,[2.0,5.0])
(5.0,[37.0,45.0])
(32.0,[19.0,40.0])
(9.0,[38.0,41.0])
(32.0,[12.0,36.0])
(19.0,[59.0,0.0])
(32.0,[24.0,40.0])
(5.0,[40.0,43.0])
(12.0,[0.0,73.0])
(4.0,[31.0,0.0])
(8.0,[0.0,0.0])
(21.0,[45.0,67.0])
(20.0,[50.0,74.0])
(9.0,[41.0,30.0])
(29.0,[17.0,26.0])
(21.0,[50.0,53.0])
(20.0,[51.0,77.0])
(10.0,[0.0,58.0])
(28.0,[39.0,88.0])
(21.0,[38.0,57.0])
(0.0,[85.0,79.0])
(34.0,[92.0,50.0])
(13.0,[0.0,16.0])
(36.0,[10.0,87.0])
(24.0,[56.0,57.0])
(14.0,[42.0,99.0])
(23.0,[19.0,47.0])
(10.0,[10.0,53.0])
(4.0,[35.0,7.0])
(35.0,[15.0,67.0])
(25.0,[75.0,68.0])
(5.0,[31.0,57.0])
(35.0,[16.0,74.0])
(12.0,[2.0,63.0])
(9.0,[33.0,35.0])
(20.0,[58.0,64.0])
(8.0,[0.0,0.0])
(14.0,[38.0,97.0])
(23.0,[20.0,50.0])
(21.0,[45.0,65.0])
(11.0,[8.0,98.0])
(21.0,[45.0,60.0])
(27.0,[62.0,28.0])
(1.0,[23.0,79.0])
(25.0,[84.0,65.0])
(8.0,[10.0,0.0])
(25.0,[76.0,67.0])
(2.0,[12.0,31.0])
(28.0,[43.0,77.0])
(25.0,[81.0,70.0])
(20.0,[49.0,72.0])
(36.0,[14.0,76.0])
(15.0,[40.0,62.0])
(33.0,[58.0,98.0])
(22.0,[70.0,75.0])
(15.0,[31.0,65.0])
(4.0,[27.0,0.0])
(32.0,[13.0,38.0])
(23.0,[18.0,45.0])
(0.0,[99.0,81.0])
(9.0,[29.0,32.0])
(16.0,[18.0,88.0])
(0.0,[97.0,66.0])
(11.0,[0.0,99.0])
(1.0,[29.0,74.0])
(23.0,[19.0,51.0])
(1.0,[23.0,78.0])
(10.0,[2.0,59.0])
(4.0,[29.0,6.0])
(10.0,[0.0,50.0])
(39.0,[77.0,37.0])
(32.0,[15.0,33.0])
(14.0,[44.0,89.0])
(7.0,[99.0,94.0])
(13.0,[6.0,15.0])
(0.0,[85.0,74.0])
(12.0,[0.0,66.0])
(39.0,[71.0,47.0])
(29.0,[20.0,24.0])
(5.0,[32.0,53.0])
(23.0,[16.0,54.0])
(5.0,[28.0,45.0])
(26.0,[98.0,32.0])
(36.0,[15.0,77.0])
(11.0,[3.0,99.0])
(30.0,[0.0,48.0])
(27.0,[60.0,24.0])
(7.0,[90.0,85.0])
(23.0,[13.0,54.0])
(14.0,[50.0,99.0])
(16.0,[18.0,99.0])
(2.0,[3.0,28.0])
(23.0,[22.0,47.0])
(24.0,[59.0,44.0])
(13.0,[0.0,14.0])
(25.0,[66.0,62.0])
(27.0,[54.0,35.0])
(12.0,[9.0,68.0])
(23.0,[16.0,50.0])
(7.0,[99.0,99.0])
(4.0,[40.0,0.0])
(30.0,[0.0,45.0])
(32.0,[16.0,32.0])
(32.0,[14.0,36.0])
(10.0,[0.0,60.0])
(21.0,[43.0,50.0])
(26.0,[99.0,22.0])
(35.0,[14.0,65.0])
(22.0,[77.0,89.0])
(22.0,[72.0,85.0])
(24.0,[59.0,57.0])
(28.0,[38.0,84.0])
(1.0,[21.0,82.0])
(4.0,[42.0,0.0])
(9.0,[31.0,37.0])
(6.0,[72.0,0.0])
(36.0,[10.0,88.0])
(24.0,[55.0,53.0])
(28.0,[42.0,77.0])
(4.0,[29.0,0.0])
(0.0,[83.0,68.0])
(0.0,[84.0,83.0])
(32.0,[25.0,31.0])
(32.0,[18.0,33.0])
(2.0,[0.0,30.0])
(38.0,[16.0,7.0])
(24.0,[65.0,49.0])
(10.0,[1.0,62.0])
(5.0,[28.0,46.0])
(6.0,[75.0,7.0])
(16.0,[18.0,94.0])
(32.0,[21.0,40.0])
(39.0,[72.0,39.0])
(33.0,[63.0,99.0])
(38.0,[19.0,4.0])
(4.0,[38.0,0.0])
(28.0,[38.0,73.0])
(25.0,[74.0,56.0])
(32.0,[18.0,37.0])
(33.0,[66.0,99.0])
(17.0,[25.0,99.0])
(22.0,[66.0,81.0])
(32.0,[17.0,39.0])
(8.0,[9.0,2.0])
(12.0,[0.0,72.0])
(34.0,[91.0,43.0])
(2.0,[3.0,23.0])
(31.0,[34.0,26.0])
(33.0,[70.0,99.0])
(1.0,[23.0,73.0])
(39.0,[70.0,37.0])
(1.0,[23.0,84.0])
(20.0,[53.0,73.0])
(27.0,[66.0,30.0])
(18.0,[99.0,17.0])
(16.0,[10.0,99.0])
(31.0,[32.0,17.0])
(16.0,[21.0,95.0])
(36.0,[7.0,78.0])
(35.0,[15.0,70.0])
(1.0,[20.0,76.0])
(9.0,[40.0,28.0])
(35.0,[19.0,68.0])
(5.0,[30.0,54.0])
(6.0,[72.0,0.0])
(22.0,[62.0,78.0])
(37.0,[71.0,31.0])
(5.0,[32.0,53.0])
(22.0,[70.0,81.0])
(23.0,[20.0,54.0])
(10.0,[8.0,52.0])
(5.0,[35.0,51.0])
(2.0,[0.0,29.0])
(27.0,[69.0,34.0])
(39.0,[71.0,33.0])
(38.0,[23.0,0.0])
(30.0,[0.0,36.0])
(17.0,[25.0,99.0])
(3.0,[46.0,23.0])
(29.0,[10.0,24.0])
(28.0,[33.0,80.0])
(1.0,[23.0,74.0])
(36.0,[11.0,74.0])
(15.0,[29.0,63.0])
(10.0,[0.0,54.0])
(35.0,[18.0,68.0])
(12.0,[5.0,70.0])
(19.0,[59.0,0.0])
(26.0,[91.0,40.0])
(15.0,[37.0,59.0])
(25.0,[65.0,66.0])
(26.0,[99.0,28.0])
(16.0,[17.0,91.0])
(25.0,[81.0,58.0])
(14.0,[43.0,99.0])
(0.0,[92.0,73.0])
(9.0,[41.0,24.0])
(5.0,[29.0,50.0])
(25.0,[69.0,60.0])
(28.0,[39.0,86.0])
(8.0,[0.0,0.0])
(38.0,[25.0,11.0])
(1.0,[22.0,81.0])
(5.0,[28.0,42.0])
(9.0,[36.0,38.0])
(1.0,[24.0,74.0])
(39.0,[64.0,44.0])
(37.0,[72.0,31.0])
(15.0,[34.0,61.0])
(9.0,[41.0,36.0])
(1.0,[26.0,74.0])
(1.0,[20.0,81.0])
(7.0,[98.0,90.0])
(36.0,[15.0,86.0])
(32.0,[12.0,38.0])
(35.0,[19.0,74.0])
(30.0,[10.0,40.0])
(7.0,[99.0,91.0])
(28.0,[49.0,81.0])
(2.0,[10.0,29.0])
(27.0,[61.0,30.0])
(19.0,[55.0,0.0])
(39.0,[78.0,50.0])
(25.0,[80.0,69.0])
(36.0,[14.0,78.0])
(8.0,[4.0,0.0])
(24.0,[60.0,56.0])
(32.0,[13.0,32.0])
(16.0,[20.0,96.0])
(6.0,[74.0,6.0])
(36.0,[8.0,84.0])
(35.0,[23.0,71.0])
(23.0,[16.0,59.0])
(30.0,[0.0,48.0])
(6.0,[85.0,0.0])
(9.0,[33.0,39.0])
(35.0,[12.0,69.0])
(22.0,[74.0,84.0])
(27.0,[63.0,38.0])
(33.0,[66.0,99.0])
(31.0,[33.0,27.0])
(7.0,[85.0,99.0])
(5.0,[36.0,53.0])
(10.0,[9.0,55.0])
(5.0,[31.0,40.0])
(9.0,[37.0,40.0])
(39.0,[66.0,47.0])
(26.0,[99.0,30.0])
(19.0,[54.0,8.0])
(36.0,[14.0,76.0])
(22.0,[76.0,74.0])
(8.0,[0.0,0.0])
(28.0,[39.0,84.0])
(5.0,[33.0,51.0])
(34.0,[97.0,64.0])
(24.0,[53.0,47.0])
(2.0,[8.0,35.0])
(5.0,[27.0,57.0])
(30.0,[9.0,44.0])
(4.0,[34.0,8.0])
(35.0,[25.0,68.0])
(32.0,[23.0,36.0])
(17.0,[31.0,99.0])
(29.0,[12.0,26.0])
(36.0,[13.0,87.0])
(1.0,[25.0,77.0])
(12.0,[0.0,67.0])
(26.0,[90.0,24.0])
(14.0,[38.0,90.0])
(12.0,[3.0,73.0])
(24.0,[63.0,48.0])
(20.0,[55.0,78.0])
(6.0,[68.0,0.0])
(0.0,[90.0,74.0])
(27.0,[67.0,28.0])
(20.0,[54.0,71.0])
(28.0,[44.0,85.0])
(6.0,[83.0,0.0])
(6.0,[71.0,1.0])
(38.0,[20.0,0.0])
(22.0,[74.0,72.0])
(9.0,[31.0,37.0])
(3.0,[52.0,19.0])
(7.0,[99.0,90.0])
(32.0,[25.0,31.0])
(2.0,[11.0,30.0])
(5.0,[27.0,54.0])
(39.0,[75.0,38.0])
(26.0,[99.0,32.0])
(27.0,[61.0,24.0])
(13.0,[1.0,9.0])
(7.0,[99.0,87.0])
(32.0,[15.0,41.0])
(36.0,[6.0,86.0])
(37.0,[72.0,26.0])
(20.0,[49.0,77.0])
(34.0,[86.0,45.0])
(17.0,[34.0,99.0])
(24.0,[64.0,52.0])
(34.0,[95.0,49.0])
(4.0,[31.0,0.0])
(37.0,[80.0,16.0])
(35.0,[14.0,62.0])
(35.0,[18.0,75.0])
(0.0,[99.0,73.0])
(22.0,[66.0,82.0])
(28.0,[39.0,88.0])
(26.0,[99.0,33.0])
(10.0,[0.0,58.0])
(1.0,[24.0,84.0])
(9.0,[42.0,37.0])
(29.0,[17.0,26.0])
(34.0,[99.0,51.0])
(32.0,[25.0,37.0])
(11.0,[0.0,91.0])
(1.0,[33.0,76.0])
(21.0,[41.0,56.0])
(13.0,[0.0,14.0])
(36.0,[4.0,84.0])
(18.0,[86.0,15.0])
(4.0,[43.0,0.0])
(1.0,[23.0,76.0])
(8.0,[0.0,0.0])
(20.0,[54.0,64.0])
(4.0,[27.0,0.0])
(32.0,[24.0,33.0])
(7.0,[99.0,93.0])
(32.0,[26.0,38.0])
(32.0,[20.0,43.0])
(23.0,[21.0,50.0])
(9.0,[43.0,29.0])
(38.0,[12.0,3.0])
(30.0,[7.0,42.0])
(25.0,[70.0,56.0])
(6.0,[74.0,8.0])
(27.0,[54.0,33.0])
(13.0,[7.0,18.0])
(3.0,[55.0,12.0])
(29.0,[12.0,28.0])
(2.0,[4.0,28.0])
(3.0,[58.0,17.0])
(1.0,[21.0,77.0])
(14.0,[39.0,99.0])
(24.0,[56.0,44.0])
(8.0,[0.0,0.0])
(28.0,[42.0,85.0])
(8.0,[9.0,3.0])
(2.0,[0.0,33.0])
(25.0,[79.0,57.0])
(16.0,[11.0,93.0])
(38.0,[13.0,2.0])
(39.0,[83.0,42.0])
(0.0,[90.0,67.0])
(17.0,[26.0,99.0])
(14.0,[50.0,99.0])
(28.0,[45.0,86.0])
(21.0,[49.0,56.0])
(28.0,[38.0,77.0])
(35.0,[11.0,72.0])
(25.0,[83.0,61.0])
(16.0,[10.0,96.0])
(5.0,[34.0,57.0])
(24.0,[55.0,57.0])
(30.0,[0.0,42.0])
(30.0,[0.0,37.0])
(25.0,[82.0,62.0])
(30.0,[5.0,37.0])
(26.0,[87.0,32.0])
(27.0,[65.0,38.0])
(10.0,[0.0,52.0])
(17.0,[28.0,99.0])
(5.0,[35.0,55.0])
(28.0,[40.0,89.0])
(25.0,[80.0,61.0])
(27.0,[50.0,32.0])
(29.0,[11.0,16.0])
(25.0,[80.0,70.0])
(25.0,[80.0,69.0])
(15.0,[39.0,63.0])
(38.0,[22.0,0.0])
(18.0,[88.0,18.0])
(1.0,[28.0,78.0])
(33.0,[72.0,97.0])
(29.0,[21.0,26.0])
(4.0,[30.0,0.0])
(15.0,[42.0,70.0])
(18.0,[88.0,0.0])
(13.0,[0.0,17.0])
(10.0,[0.0,55.0])
(27.0,[66.0,29.0])
(18.0,[83.0,13.0])
(11.0,[0.0,95.0])
(30.0,[0.0,39.0])
(34.0,[89.0,50.0])
(4.0,[45.0,4.0])
(29.0,[17.0,25.0])
(6.0,[70.0,7.0])
(13.0,[0.0,10.0])
(37.0,[83.0,29.0])
(26.0,[99.0,39.0])
(29.0,[22.0,18.0])
(32.0,[17.0,40.0])
(32.0,[24.0,37.0])
(20.0,[61.0,65.0])
(22.0,[67.0,76.0])
(18.0,[97.0,4.0])
(16.0,[16.0,98.0])
(33.0,[65.0,99.0])
(0.0,[81.0,75.0])
(37.0,[76.0,22.0])
(3.0,[49.0,18.0])
(12.0,[7.0,64.0])
(25.0,[73.0,61.0])
(20.0,[53.0,78.0])
(4.0,[34.0,0.0])
(1.0,[20.0,75.0])
(22.0,[71.0,81.0])
(28.0,[41.0,72.0])
(15.0,[39.0,65.0])
(5.0,[35.0,52.0])
(28.0,[40.0,85.0])
(38.0,[9.0,7.0])
(25.0,[71.0,68.0])
(13.0,[8.0,15.0])
(0.0,[99.0,70.0])
(32.0,[24.0,40.0])
(18.0,[95.0,14.0])
(16.0,[16.0,95.0])
(5.0,[37.0,45.0])
(19.0,[50.0,0.0])
(20.0,[47.0,75.0])
(22.0,[72.0,74.0])
(4.0,[27.0,0.0])
(35.0,[16.0,64.0])
(32.0,[18.0,42.0])
(7.0,[99.0,91.0])
(32.0,[13.0,34.0])
(3.0,[46.0,19.0])
(26.0,[90.0,31.0])
(23.0,[16.0,57.0])
(36.0,[15.0,80.0])
(36.0,[0.0,79.0])
(20.0,[53.0,65.0])
(15.0,[29.0,71.0])
(26.0,[99.0,36.0])
(37.0,[76.0,20.0])
(0.0,[90.0,77.0])
(9.0,[33.0,37.0])
(32.0,[20.0,38.0])
(13.0,[7.0,22.0])
(4.0,[33.0,0.0])
(2.0,[0.0,35.0])
(9.0,[37.0,35.0])
(18.0,[91.0,15.0])
(27.0,[65.0,29.0])
(25.0,[66.0,67.0])
(7.0,[95.0,88.0])
(26.0,[88.0,30.0])
(21.0,[49.0,56.0])
(4.0,[33.0,0.0])
(38.0,[13.0,10.0])
(1.0,[26.0,77.0])
(8.0,[0.0,0.0])
(28.0,[33.0,84.0])
(10.0,[7.0,60.0])
(21.0,[41.0,59.0])
(20.0,[54.0,64.0])
(5.0,[33.0,54.0])
(25.0,[71.0,57.0])
(25.0,[75.0,53.0])
(20.0,[49.0,67.0])
(5.0,[32.0,41.0])
(12.0,[5.0,65.0])
(36.0,[4.0,83.0])
(23.0,[20.0,54.0])
(25.0,[67.0,61.0])
(26.0,[99.0,33.0])
(34.0,[99.0,45.0])
(22.0,[81.0,85.0])
(1.0,[27.0,71.0])
(8.0,[0.0,0.0])
(29.0,[10.0,16.0])
(20.0,[47.0,72.0])
(34.0,[98.0,49.0])
(20.0,[51.0,72.0])
(5.0,[29.0,51.0])
(21.0,[48.0,59.0])
(32.0,[23.0,39.0])
(4.0,[34.0,0.0])
(39.0,[77.0,47.0])
(23.0,[20.0,50.0])
(35.0,[25.0,68.0])
(39.0,[71.0,34.0])
(8.0,[0.0,2.0])
(25.0,[83.0,56.0])
(1.0,[23.0,76.0])
(24.0,[56.0,48.0])
(37.0,[80.0,21.0])
(9.0,[38.0,25.0])
(16.0,[9.0,99.0])
(0.0,[99.0,77.0])
(34.0,[86.0,62.0])
(38.0,[25.0,0.0])
(32.0,[23.0,38.0])
(28.0,[36.0,75.0])
(7.0,[99.0,85.0])
(29.0,[21.0,16.0])
(25.0,[81.0,67.0])
(20.0,[57.0,73.0])
(35.0,[16.0,66.0])
(28.0,[38.0,84.0])
(29.0,[18.0,22.0])
(20.0,[46.0,71.0])
(37.0,[81.0,31.0])
(4.0,[44.0,5.0])
(0.0,[93.0,80.0])
(3.0,[49.0,13.0])
(28.0,[43.0,79.0])
(21.0,[41.0,55.0])
(2.0,[0.0,34.0])
(30.0,[4.0,38.0])
(28.0,[36.0,89.0])
(25.0,[73.0,70.0])
(5.0,[28.0,48.0])
(3.0,[43.0,12.0])
(2.0,[12.0,32.0])
(23.0,[10.0,49.0])
(4.0,[42.0,2.0])
(10.0,[5.0,56.0])
(8.0,[0.0,0.0])
(5.0,[33.0,49.0])
(34.0,[99.0,52.0])
(20.0,[53.0,73.0])
(12.0,[6.0,73.0])
(37.0,[70.0,17.0])
(23.0,[15.0,49.0])
(2.0,[1.0,31.0])
(27.0,[56.0,40.0])
(25.0,[64.0,66.0])
(26.0,[99.0,33.0])
(37.0,[73.0,13.0])
(19.0,[50.0,8.0])
(16.0,[15.0,99.0])
(29.0,[13.0,20.0])
(36.0,[0.0,84.0])
(32.0,[14.0,33.0])
(5.0,[26.0,48.0])
(17.0,[34.0,99.0])
(39.0,[73.0,51.0])
(23.0,[25.0,47.0])
(21.0,[45.0,51.0])
(21.0,[48.0,61.0])
(26.0,[99.0,21.0])
(0.0,[91.0,71.0])
(14.0,[37.0,99.0])
(0.0,[83.0,73.0])
(25.0,[80.0,69.0])
(5.0,[35.0,48.0])
(6.0,[70.0,0.0])
(5.0,[32.0,56.0])
(37.0,[76.0,16.0])
(3.0,[60.0,14.0])
(8.0,[0.0,0.0])
(24.0,[59.0,51.0])
(22.0,[79.0,88.0])
(10.0,[10.0,59.0])
(32.0,[17.0,41.0])
(23.0,[21.0,48.0])
(15.0,[33.0,68.0])
(32.0,[12.0,37.0])
(13.0,[0.0,19.0])
(38.0,[10.0,5.0])
(26.0,[95.0,23.0])
(5.0,[35.0,45.0])
(7.0,[99.0,94.0])
(32.0,[15.0,37.0])
(9.0,[45.0,34.0])
(36.0,[4.0,86.0])
(10.0,[3.0,60.0])
(4.0,[41.0,0.0])
(38.0,[11.0,0.0])
(25.0,[76.0,70.0])
(2.0,[9.0,34.0])
(1.0,[30.0,76.0])
(4.0,[36.0,2.0])
(14.0,[43.0,89.0])
(28.0,[33.0,81.0])
(26.0,[88.0,36.0])
(32.0,[22.0,44.0])
(36.0,[15.0,81.0])
(37.0,[71.0,16.0])
(21.0,[49.0,56.0])
(5.0,[32.0,54.0])
(4.0,[37.0,3.0])
(9.0,[37.0,29.0])
(13.0,[0.0,23.0])
(7.0,[99.0,91.0])
(6.0,[77.0,10.0])
(21.0,[50.0,57.0])
(35.0,[12.0,70.0])
(3.0,[58.0,17.0])
(25.0,[73.0,53.0])
(25.0,[75.0,59.0])
(24.0,[53.0,53.0])
(36.0,[13.0,78.0])
(2.0,[9.0,26.0])
(12.0,[10.0,65.0])
(30.0,[0.0,40.0])
(4.0,[31.0,0.0])
(1.0,[22.0,77.0])
(9.0,[42.0,26.0])
(39.0,[65.0,44.0])
(26.0,[99.0,25.0])
